ID,PredRating,A,AA,AAA,B,BB,BBB,CCC
60644,AA,0.302979975390966,0.697020024609034,0,0,0,0,0
33083,BBB,0.0821116056286335,0,0,0,0.00133333333333333,0.916555061038033,0
63830,A,0.645314073351884,0.0166756598240469,0,0.00221505376344086,0.00021505376344086,0.335580159297187,0
84658,BBB,0.232056112102552,0,0,0,0.0473336952005683,0.72061019269688,0
41734,BB,0,0,0,0.151500237894201,0.847323291517564,0.00117647058823529,0
47556,AA,0.304497776990811,0.680164560671526,0.0153376623376623,0,0,0,0
33563,A,0.806230415954874,0.160444420646433,0.00833333333333334,0,0,0.0249918300653595,0
81316,BB,0,0,0,0.079783263176452,0.841525460865244,0.0786912759583038,0
38311,BB,0,0,0,0.418903861222309,0.478023998443638,0.0157142857142857,0.0873578546197674
46758,AA,0.029700147805411,0.909998893349513,0.0603009588450765,0,0,0,0
57407,AAA,0,0,1,0,0,0,0
33023,CCC,0,0,0,0.372455834430447,0.0248388637506285,0,0.602705301818924
60456,BBB,0.00472222222222222,0,0,0,0.146935543558609,0.848342234219169,0
61773,BBB,0.0287072927072927,0,0,0,0.0437662337662338,0.927526473526474,0
34238,BB,0,0,0,0.00929573934837092,0.725675510248266,0.265028750403363,0
42394,BBB,0.013046398046398,0,0,0.00181818181818182,0.0811570992646844,0.903978320870736,0
77770,BB,0,0,0,0.404308829457436,0.583062097860859,0.0100457393483709,0.00258333333333333
53962,AA,0.39119199505345,0.518649934774548,0.048720864103217,0,0,0.041437206068785,0
76070,BBB,0.0120681818181818,0,0,0,0.151840357355063,0.836091460826755,0
35940,BBB,0.0232554112554113,0,0,0,0.0683367988220929,0.908407789922496,0
64412,BBB,0.00813095238095238,0,0,0,0.0894855308090602,0.902383516809987,0
45144,BB,0,0,0,0.0865146734930017,0.744928858894804,0.168556467612195,0
39806,AAA,0,0.152344580256345,0.847655419743655,0,0,0,0
36993,BBB,0.0692970897351702,0,0,0,0.024343137254902,0.906359773009928,0
44524,AAA,0,0,1,0,0,0,0
47187,BBB,0.165183961807027,0,0,0,0.00757692307692308,0.82723911511605,0
37717,B,0,0,0,0.683493030447365,0.254420428642565,0,0.0620865409100703
56683,BB,0,0,0,0.129143127168669,0.848360789709087,0.0203908199643494,0.00210526315789474
61373,A,0.749017514992747,0.0156666666666667,0,0,0.00153846153846154,0.233777356802125,0
47998,BBB,0.0815883151242933,0.00153846153846154,0,0,0.00538699690402477,0.91148622643322,0
36819,BB,0,0,0,0.00953846153846153,0.785683009972484,0.204778528489055,0
48042,BB,0,0,0,0.386583403610493,0.597181140325103,0.0124209197235513,0.00381453634085213
48938,AAA,0,0,1,0,0,0,0
33444,BBB,0.0138181818181818,0,0,0,0.125630617318698,0.86055120086312,0
64750,AAA,0.0987802664311952,0.172011628636242,0.723944947037827,0,0,0.00526315789473684,0
62499,BB,0.00469230769230769,0,0,0,0.660388791634922,0.334918900672771,0
34394,AA,0.181515953430814,0.811960237045376,0.00485714285714286,0,0,0.00166666666666667,0
83271,A,0.806495478893312,0.189754521106688,0,0,0.00125,0.0025,0
54289,BB,0,0,0,0.0731318448837024,0.795190801200863,0.131677353915434,0
64231,AAA,0,0.0367659138247374,0.963234086175263,0,0,0,0
62418,BB,0,0,0,0,0.554289861669119,0.445710138330881,0
33202,AAA,0,0,1,0,0,0,0
69771,BB,0,0,0,0.098423987776929,0.830965867465867,0.0706101447572036,0
70516,BBB,0.0166093906093906,0,0,0,0.0184645219761319,0.964926087414478,0
70507,BB,0,0,0,0.0339320756642738,0.88555886975082,0.080509054584906,0
57428,AAA,0,0,1,0,0,0,0
46473,AA,0.0250652288887583,0.555647207539622,0.413672178956235,0,0,0.00561538461538462,0
64906,AAA,0,0,1,0,0,0,0
35704,BB,0,0,0,0.450658644846725,0.505950914324753,0.00919191919191919,0.0341985216366021
67493,BB,0,0,0,0.0304587167218746,0.924349477148239,0.0451918061298866,0
60991,AAA,0,0.0861810810448582,0.913818918955142,0,0,0,0
60200,A,0.901195523774471,0.0427866519445467,0.00166666666666667,0,0,0.0543511576143155,0
71567,BBB,0.004,0,0,0,0.158080706874825,0.837919293125175,0
52542,BBB,0.00845512820512821,0,0,0,0.216208468432153,0.775336403362719,0
46979,BB,0,0,0,0.349814899153134,0.618160034410034,0.0320250664368311,0
54879,BBB,0.0892214452214452,0,0,0,0.0364329530119004,0.874345601766654,0
51695,BB,0,0,0,0.0900337325213486,0.863376259877034,0.0465900076016175,0
70688,CCC,0,0,0,0.0701163793622224,0.011731893837157,0,0.918151726800621
66183,A,0.573112757211829,0.0123611111111111,0,0,0,0.414526131677061,0
45750,A,0.813195620770698,0.168816238714846,0.00307692307692308,0,0,0.0149112174375332,0
55700,AAA,0,0.020427807486631,0.979572192513369,0,0,0,0
73498,AA,0.0178427014162308,0.974683522359993,0.00747377622377622,0,0,0,0
81942,BB,0,0,0,0.155323710087642,0.630554397013375,0.214121892898983,0
45002,BBB,0.008,0,0,0,0.0367276334776335,0.955272366522366,0
81827,BB,0,0,0,0.40753843774045,0.585794895592883,0.004,0.00266666666666667
56404,BB,0,0,0,0.00383333333333333,0.55707393148647,0.439092735180196,0
65761,BBB,0.402806248447115,0.0279983872336814,0,0,0.0179719887955182,0.551223375523685,0
38265,BBB,0,0,0,0.0180965218991535,0.307502511312383,0.674400966788463,0
73761,AAA,0,0,1,0,0,0,0
45892,AAA,0.00266666666666667,0.0220705128205128,0.97526282051282,0,0,0,0
65893,AA,0.0661732199688856,0.776867811754809,0.152343583660921,0,0,0.00461538461538461,0
50165,AA,0.364569018700598,0.624430981299402,0.011,0,0,0,0
58015,BBB,0.443629492458761,0.0090952380952381,0,0,0.0184090909090909,0.52886617853691,0
35797,BB,0,0,0,0.112728454809724,0.766904511295378,0.120367033894898,0
44141,BB,0.0113030303030303,0.00292929292929293,0,0.013333701386333,0.556295036911536,0.414888938469807,0.00125
46057,BBB,0.297127608821982,0,0,0,0.0031578947368421,0.699714496441176,0
59071,BB,0,0,0,0.331137434203224,0.66344589913011,0.00541666666666667,0
62724,AA,0.134299932523617,0.852343772326745,0.0133562951496388,0,0,0,0
63768,BB,0,0,0,0.14060648501825,0.805919580849147,0.0534739341326029,0
46430,AAA,0,0,1,0,0,0,0
41534,BB,0,0,0,0.422917397016468,0.571819445088795,0.00526315789473684,0
49528,BB,0.0106766917293233,0,0,0.143708101667854,0.528962080918737,0.297278069453766,0.0193750562303194
53035,BB,0,0,0,0.189832365862552,0.800380666718902,0.008734335839599,0.00105263157894737
83585,BB,0,0,0,0.0825074932807131,0.876108331254229,0.0413841754650578,0
58123,BB,0.0391469424967877,0,0,0.00936720142602496,0.509104407632271,0.442381448444916,0
80779,BB,0,0,0,0.00732814407814408,0.590796090390518,0.401875765531338,0
46649,BBB,0.00333333333333333,0,0,0,0.139585928691192,0.857080737975475,0
60792,B,0,0,0,0.926444637921418,0.0280552584670232,0,0.0455001036115587
69871,B,0,0,0,0.762068869039457,0.0190972165089812,0,0.218833914451562
56013,AA,0.102470973470973,0.897529026529027,0,0,0,0,0
36057,A,0.904015071529777,0.0129865967365967,0,0,0.00581818181818182,0.077180149915444,0
36719,CCC,0,0,0,0.002,0,0,0.998
78812,A,0.755223760501624,0,0,0,0,0.244776239498376,0
50209,BBB,0.00307692307692308,0,0,0,0.362454543134884,0.634468533788193,0
64497,BB,0,0,0,0.0711309021216142,0.814529384100592,0.112521531959612,0.00181818181818182
75970,AAA,0,0,1,0,0,0,0
76914,AAA,0,0,1,0,0,0,0
73280,AAA,0.0533877641965877,0.111013248361546,0.829598987441867,0,0,0.006,0
75045,A,0.797459780072009,0.107781462345704,0,0,0,0.094758757582287,0
61034,BB,0,0,0,0.213665255710921,0.752299693684368,0.03403505060471,0
81429,BB,0,0,0,0.0324124856911235,0.759295739176544,0.208291775132332,0
76262,BBB,0.0734947993183287,0,0,0,0.0521942948692175,0.874310905812454,0
37158,CCC,0,0,0,0.380620561859881,0.0871727896286719,0.0025,0.529706648511448
58462,BB,0,0,0,0.0844883199238038,0.732724931462448,0.182786748613749,0
82584,BBB,0.0096031746031746,0,0,0,0.469994415854323,0.520402409542502,0
40862,AA,0.00995373048004627,0.918504087501766,0.0715421820181882,0,0,0,0
36743,BB,0,0,0,0.105474019444608,0.588574681854094,0.305951298701299,0
62626,BBB,0,0,0,0.00133333333333333,0.427791772673432,0.570874893993235,0
33173,A,0.828330405318795,0.145641328829409,0,0,0,0.0260282658517953,0
72065,CCC,0,0,0,0.123381047315258,0.184638295914612,0.00210526315789474,0.689875393612236
48583,BB,0,0,0,0.360314081085753,0.623445835897848,0.0162400830163988,0
39014,BBB,0,0,0,0,0.485377218756476,0.514622781243524,0
78566,B,0,0,0,0.664257855749342,0.287554329227704,0,0.0481878150229543
66031,BBB,0.107623797255376,0,0,0.002,0.0143058608058608,0.876070341938763,0
66137,AAA,0,0,1,0,0,0,0
59861,AAA,0.0328520499108734,0.170362616099071,0.790785333990055,0,0,0.006,0
53025,AA,0.00659109311740891,0.954064400511769,0.0393445063708222,0,0,0,0
65443,AA,0.0364406943105111,0.948938984833874,0.014620320855615,0,0,0,0
55559,AA,0.185151825041144,0.791295144655826,0.0235530303030303,0,0,0,0
41629,BB,0,0,0,0.317236530669193,0.669565816106838,0,0.013197653223969
78356,AA,0.0183993783993784,0.817065815734547,0.164534805866075,0,0,0,0
73354,A,0.927231964114317,0.00533333333333333,0,0,0,0.0674347025523496,0
38676,AAA,0.008,0.0623597513597514,0.929640248640249,0,0,0,0
80911,BB,0,0,0,0.330948613735765,0.642319964521203,0.0186758661874761,0.00805555555555555
59434,A,0.753415816725414,0.0229037629037629,0,0,0.00352941176470588,0.220151008606117,0
38318,AAA,0,0,1,0,0,0,0
66830,A,0.724217391225905,0,0,0.002,0.006,0.267782608774095,0
78765,BBB,0.156434045486677,0.00852941176470588,0,0,0.0669413616998756,0.768095181048742,0
42351,BBB,0.0913181315588436,0,0,0.00181818181818182,0.0777866855366856,0.829077001086289,0
34087,BB,0,0,0,0.135465909219779,0.773197554509474,0.0913365362707468,0
50786,BB,0,0,0,0.325184361132504,0.656477552117645,0.0183380867498515,0
76358,BBB,0.00317647058823529,0,0,0,0.00353846153846154,0.993285067873303,0
68710,A,0.76393918224878,0.0087012987012987,0,0,0.0053475935828877,0.222011925467034,0
37164,CCC,0,0,0,0.00306818181818182,0,0,0.996931818181818
49394,BBB,0.0115617715617716,0,0,0,0.402153392187448,0.586284836250781,0
81967,AAA,0,0,1,0,0,0,0
54132,BB,0,0,0,0.0299459195774985,0.780617196185308,0.189436884237194,0
49464,AAA,0.00333333333333333,0.15310477035864,0.843561896308026,0,0,0,0
65583,BB,0,0,0,0.1089843661892,0.707944635820697,0.183070997990103,0
78301,A,0.777725989610665,0.0142885210764468,0,0,0,0.207985489312889,0
48497,B,0,0,0,0.866576486035464,0.128789814330836,0.00142857142857143,0.0032051282051282
52036,BB,0,0,0,0.00615384615384615,0.716854534612275,0.276991619233879,0
50619,BBB,0.0105081585081585,0,0,0,0.137381825261082,0.852110016230759,0
45286,BBB,0.00574162679425837,0,0,0.0590870577650763,0.393528590862182,0.525375774294505,0.0162669502839781
57740,BB,0,0,0,0.104426046949267,0.771800412178121,0.123773540872612,0
71345,A,0.916083501637681,0.060623650858945,0,0,0.00333333333333333,0.0199595141700405,0
59154,B,0,0,0,0.844715225606867,0.0247681011798659,0,0.130516673213268
80940,BBB,0.12734846549584,0.000645161290322581,0,0,0.0216056884292178,0.850400684784619,0
41934,BBB,0.30827743836391,0,0,0.002,0,0.68972256163609,0
46720,BBB,0.00142857142857143,0,0,0,0.0690629582835465,0.929508470287882,0
47241,BBB,0,0,0,0.0164191714718031,0.293224896190841,0.690355932337356,0
46810,AA,0.0958288308183045,0.891232707643234,0.0129384615384615,0,0,0,0
79305,BB,0,0,0,0.320296562484643,0.671826244532901,0.00787719298245614,0
49677,AA,0.0979143242378537,0.88816900909548,0.0139166666666667,0,0,0,0
35467,AAA,0,0,1,0,0,0,0
76575,BB,0,0,0,0.0381065375113363,0.799619141006912,0.162274321481752,0
68390,BBB,0.420698476617981,0,0,0,0.00389576883384933,0.57540575454817,0
55849,A,0.781732406224666,0.203179874477088,0,0,0.00333333333333333,0.0117543859649123,0
48513,BB,0,0,0,0.464687066803166,0.525843236227137,0,0.00946969696969697
33277,A,0.939264617047899,0.0318017989922015,0,0,0,0.0289335839598997,0
36484,AA,0.002,0.669160308860386,0.328839691139614,0,0,0,0
74649,AA,0.102021455067121,0.836465355507925,0.0615131894249541,0,0,0,0
38193,BB,0,0,0,0.107307483022653,0.766598107774578,0.126094409202768,0
37571,BBB,0.002,0,0,0,0.472881739605424,0.525118260394576,0
65480,AAA,0,0.0917996589940324,0.908200341005968,0,0,0,0
59796,BBB,0.0608581585081585,0,0,0.00974747474747475,0.397214261435159,0.532180105309207,0
53656,AAA,0,0,1,0,0,0,0
36629,BB,0,0,0,0.035438141923436,0.590341329808822,0.374220528267742,0
83677,AAA,0.00266666666666667,0.261964793944334,0.735368539389,0,0,0,0
71250,A,0.856730922249498,0.0441455532771322,0,0,0.00285714285714286,0.0962663816162268,0
69769,AAA,0,0,1,0,0,0,0
41223,BB,0,0,0,0.0403221515326778,0.92629619915688,0.0333816493104419,0
68743,AAA,0,0.0425720682825946,0.957427931717405,0,0,0,0
34384,BB,0,0,0,0.0822617562176386,0.65864303214845,0.259095211633911,0
75516,AA,0.254184495844713,0.701650916764694,0.0441645873905936,0,0,0,0
73252,BB,0,0,0,0.186717027382662,0.807439835362436,0.00584313725490196,0
60092,A,0.610236137171842,0.00142857142857143,0,0,0,0.388335291399587,0
78005,AAA,0,0.06600806829909,0.93399193170091,0,0,0,0
41469,BB,0,0,0,0.0351760595785364,0.630972500753461,0.333851439668003,0
70605,BB,0,0,0,0.025028083028083,0.814043582234759,0.160928334737158,0
61612,A,0.491611298574147,0.0160606060606061,0,0.00267857142857143,0,0.489649523936676,0
65762,BBB,0.012670814479638,0,0,0,0.105790159874525,0.881539025645837,0
77142,B,0,0,0,0.447009334266275,0.393284528381502,0.0025,0.157206137352222
53208,AAA,0.00266666666666667,0.252409378140609,0.744923955192724,0,0,0,0
66809,B,0,0,0,0.552726821061859,0.0918795100630812,0,0.355393668875059
50249,BB,0,0,0,0.141337396521607,0.544094899252794,0.314567704225599,0
65016,A,0.905885465497694,0.0836337652715361,0,0,0,0.0104807692307692,0
43789,BB,0,0,0,0.370262925756734,0.584855291423403,0.0215252525252525,0.0233565302946108
63555,AA,0.158129679144385,0.828071301247772,0.00242647058823529,0,0.00450980392156863,0.00686274509803921,0
37788,BBB,0.308600880707975,0.00153846153846154,0,0.00153846153846154,0.00421052631578947,0.684111669899312,0
57512,AA,0.370483462959469,0.585450158974153,0.0311269841269841,0,0,0.0129393939393939,0
39154,BBB,0.482524403357221,0,0,0.00353846153846154,0,0.513937135104318,0
59507,B,0,0,0,0.701029007112599,0.00917647058823529,0,0.289794522299166
76836,BBB,0.150628630743182,0,0,0.002,0,0.847371369256818,0
84567,CCC,0,0,0,0.00546052631578947,0.00421052631578947,0,0.990328947368421
48642,BB,0,0,0,0.197258184454005,0.801491815545995,0,0.00125
84013,BBB,0.463124431038518,0,0,0,0,0.536875568961482,0
34028,BBB,0.0430870491737365,0,0,0,0.0202633620249719,0.934649588801292,0.002
82229,A,0.624761858196842,0.0809811103928751,0,0,0,0.294257031410282,0
51106,BBB,0,0,0,0.00615384615384615,0.44811611798993,0.545730035856223,0
72580,BBB,0.0231987179487179,0,0,0.00153846153846154,0.279652904628911,0.690913559608606,0.00469635627530364
64657,AAA,0,0.00582224380767363,0.994177756192326,0,0,0,0
75930,A,0.758369579938465,0.0809233607809459,0,0,0,0.160707059280589,0
60354,A,0.976954545454546,0,0,0,0,0.0230454545454545,0
48661,BB,0,0,0,0.0821387746240687,0.815377348142054,0.102483877233877,0
34415,BB,0,0,0,0.201189904866375,0.788991913315443,0.008,0.00181818181818182
35264,BBB,0.0100219298245614,0,0,0,0.220416228594247,0.769561841581191,0
76902,CCC,0,0,0,0.317868243023391,0.0254726503249521,0,0.656659106651657
52408,BBB,0.107246337254077,0,0,0,0.0528070788860263,0.835946583859897,0.004
61189,AA,0.0280196078431373,0.790164821848258,0.173815570308604,0,0,0.008,0
46751,BBB,0.0184438698556346,0,0,0.00166666666666667,0.16660938150257,0.813280081975128,0
71352,AA,0.13358964186828,0.748333112879553,0.118077245252168,0,0,0,0
40512,AAA,0,0,1,0,0,0,0
85050,AA,0.0136132756132756,0.953590272128972,0.0327964522577526,0,0,0,0
57664,BB,0.0102436362790265,0,0,0.205320283899674,0.440278494356724,0.296006790011985,0.0481507954525906
35241,BB,0,0,0,0.339843547405467,0.616738651441438,0.0173468720821662,0.0260709290709291
44831,A,0.720962043718236,0.204653438838423,0,0,0,0.074384517443341,0
74510,BBB,0.038475346548876,0,0,0,0.0264927099044746,0.93303194354665,0.002
76825,BBB,0.391566880569587,0.00333333333333333,0,0,0,0.60509978609708,0
68556,BB,0,0,0,0.122323056716246,0.740748759324611,0.136928183959144,0
73645,BB,0,0,0,0.172411874073639,0.705913024110393,0.121675101815969,0
67089,AAA,0,0.0946015357191828,0.905398464280817,0,0,0,0
69873,BB,0,0,0,0.00892871834048304,0.926244735656501,0.0648265460030166,0
35976,AA,0.16874691583786,0.811598801396402,0.00950980392156863,0,0.00117647058823529,0.00896800825593395,0
76743,A,0.73677124827357,0.0412275583893231,0,0,0,0.222001193337107,0
64678,BBB,0.0915524507312433,0,0,0,0.0162619047619048,0.892185644506852,0
70045,A,0.831442400306952,0.15013654706147,0.01,0,0,0.00842105263157895,0
62260,AA,0.153908749059678,0.818117391466463,0.0279738594738595,0,0,0,0
84932,BBB,0.00425339366515837,0,0,0,0.137070458179591,0.85867614815525,0
71145,BBB,0.17170484199896,0,0,0.00153846153846154,0.0262537792444913,0.800502917218087,0
47713,AAA,0,0,1,0,0,0,0
59485,AAA,0,0,1,0,0,0,0
59810,AAA,0,0.0791842743786478,0.920815725621352,0,0,0,0
71787,BBB,0.00535664335664336,0,0,0,0.0292517482517482,0.965391608391608,0
44203,B,0,0,0,0.761423943812489,0.144810246104364,0,0.0937658100831475
50592,BB,0,0,0,0.369235200729783,0.596897749653168,0.0203443223443223,0.0135227272727273
33549,AAA,0,0,1,0,0,0,0
73904,BBB,0,0,0,0.00106382978723404,0.250023989921839,0.748912180290927,0
61050,B,0,0,0,0.529579996617613,0.42238671315854,0.00543371266002845,0.0425995775638191
65864,CCC,0,0,0,0.0254090909090909,0,0,0.974590909090909
77888,B,0,0,0,0.756356428744973,0.0601912074853251,0,0.183452363769701
41085,A,0.592306380925576,0,0,0.00153846153846154,0,0.406155157535962,0
48422,BBB,0.0102156862745098,0,0,0,0.105770477458558,0.884013836266932,0
76138,BBB,0.0136666666666667,0,0,0,0.466712052481402,0.519621280851931,0
37822,BBB,0.326784642687893,0,0,0.0123281440781441,0.00419047619047619,0.656696737043486,0
76391,AAA,0,0,1,0,0,0,0
70134,BBB,0.225161585763793,0.00021505376344086,0,0.0100714029697901,0.00809197684036394,0.756459980662612,0
48229,AAA,0,0.00588235294117647,0.994117647058824,0,0,0,0
64620,BBB,0.0197362792006755,0,0,0,0.295312452339542,0.684951268459782,0
72016,BB,0,0,0,0.269687382878559,0.703534307711552,0.0267783094098883,0
77104,BB,0,0,0,0.188671199543491,0.725381005045866,0.0859477954106437,0
66000,AAA,0,0.00111111111111111,0.998888888888889,0,0,0,0
38061,A,0.888360280070806,0.00909090909090909,0,0,0,0.102548810838285,0
74970,BB,0,0,0,0.256077644148078,0.719971048988851,0.00825655716832187,0.0156947496947497
68086,BBB,0.0494356166709108,0,0,0,0.0994664243565172,0.851097958972572,0
72156,AAA,0.00515151515151515,0.486360135643542,0.508488349204943,0,0,0,0
76692,BB,0,0,0,0.11913112042756,0.786829585962713,0.094039293609727,0
79955,BBB,0.048863339275104,0,0,0,0.0106666666666667,0.940469994058229,0
55828,A,0.699601541478152,0.281828229731031,0.0063003663003663,0,0,0.0122698624904507,0
57577,AA,0.183792400410047,0.812571235953589,0,0,0,0.00363636363636364,0
55273,BBB,0,0,0,0.0115240665766982,0.297571618182299,0.690904315241003,0
35104,AA,0.483499417335331,0.497247449832589,0.0192531328320802,0,0,0,0
75718,BBB,0.0670910510198436,0,0,0,0.0823714005292953,0.850537548450861,0
61040,B,0,0,0,0.68256884234361,0.089565699800994,0,0.227865457855396
59306,BBB,0.0084656862745098,0.00111111111111111,0,0,0.263020565863445,0.727402636750934,0
48400,BB,0.002,0,0,0.00988888888888889,0.721758150346386,0.266352960764726,0
69313,BB,0,0,0,0.432669028855561,0.565902399715867,0,0.00142857142857143
72841,A,0.911088612696736,0.00531746031746032,0,0,0.00333333333333333,0.0802605936524701,0
51363,BBB,0.0127301587301587,0,0,0,0.0783821031909267,0.908887738078914,0
73695,BB,0,0,0,0.401654010763918,0.592512655902749,0.00458333333333333,0.00125
68537,BBB,0.0230681818181818,0.00222222222222222,0,0,0.00874747474747475,0.965962121212121,0
43987,BB,0,0,0,0.00412955465587045,0.75055260864007,0.24531783670406,0
38298,BBB,0.00974162679425838,0,0,0.0689844936625123,0.345617659688093,0.552107218289107,0.0235490015660294
80876,AA,0.00181818181818182,0.557344540478441,0.440837277703377,0,0,0,0
47263,A,0.631915893016512,0.0679264828738513,0,0,0,0.300157624109636,0
82926,A,0.886128923707871,0.0390117601696549,0,0,0,0.074859316122474,0
57224,AAA,0,0,1,0,0,0,0
66244,CCC,0,0,0,0.0168055555555556,0.00444444444444444,0,0.97875
51321,A,0.826456212947699,0.0213920217209691,0,0,0,0.152151765331332,0
65348,CCC,0,0,0,0.0851520701520701,0,0,0.91484792984793
84534,BBB,0.020040404040404,0,0,0,0.0619068357682909,0.918052760191305,0
52665,BB,0,0,0,0.0281277377593167,0.815372440940553,0.156499821300131,0
46233,CCC,0,0,0,0.0910091051434931,0.00421052631578947,0,0.904780368540717
61592,BB,0,0,0,0.064220547254603,0.900359619740425,0.0354198330049723,0
59319,BB,0,0,0,0.0430636951627664,0.711611801940749,0.244148032308249,0.00117647058823529
70866,CCC,0,0,0,0.455997181353218,0.0511032268385209,0,0.492899591808261
53411,A,0.900414383088532,0.0386116824352118,0,0,0,0.0609739344762565,0
43431,B,0,0,0,0.818738857633595,0.137459311843987,0,0.0438018305224188
38468,BBB,0.0112884615384615,0.002,0,0,0.116257513814015,0.870454024647523,0
40143,BB,0,0,0,0.37519413111828,0.603769678807605,0.0104460784313725,0.0105901116427432
52106,A,0.832201483415106,0.0760325200255541,0,0,0,0.0917659965593402,0
84767,BBB,0,0,0,0.0427882354143964,0.434131939611816,0.523079824973788,0
37893,AA,0.020087089381207,0.96692145762734,0.012991452991453,0,0,0,0
81116,A,0.95056002373959,0.0334374057315234,0.00153846153846154,0,0,0.0144641089904248,0
45337,BB,0,0,0,0.145740570059456,0.838740713363004,0.0155187165775401,0
47883,BB,0,0,0,0.167280674691665,0.668766370798104,0.16395295451023,0
66897,B,0,0,0,0.553886729885182,0.368153593826194,0.010219298245614,0.0677403780430096
52574,BBB,0.017627990430622,0,0,0.125110940315275,0.345291409914475,0.475707207481201,0.0362624518584271
34639,A,0.983094519859226,0.010623428858723,0.00166666666666667,0,0,0.00461538461538461,0
34504,BB,0.00285714285714286,0,0,0.00352941176470588,0.59569253501916,0.397920910358991,0
74619,B,0,0,0,0.615216016267874,0.352512272213511,0.00166666666666667,0.0306050448519489
57984,BB,0,0,0,0.352182594409375,0.636824297821202,0.00619047619047619,0.00480263157894737
82711,A,0.618105589628809,0.340727258895216,0.00950980392156863,0,0.00117647058823529,0.0304808769661711,0
39630,BBB,0.258344774334712,0,0,0,0.00593406593406593,0.735721159731222,0
39725,BBB,0.296214114188185,0,0,0,0,0.703785885811815,0
76454,BB,0,0,0,0.0763321449792038,0.842016230501525,0.0816516245192716,0
42714,AAA,0,0,1,0,0,0,0
50606,BB,0,0,0,0.186735516977003,0.633128819752659,0.180135663270338,0
78992,AAA,0,0,1,0,0,0,0
44136,BBB,0.0850799592564299,0,0,0,0.0510613912231559,0.863858649520414,0
81795,BBB,0.212345351415011,0.00222222222222222,0,0,0.00166666666666667,0.7837657596961,0
39443,BBB,0.0188963977199271,0,0,0.00663636363636364,0.439502455061279,0.534964783582431,0
39771,BBB,0.014982683982684,0,0,0,0.310711814329461,0.674305501687855,0
75680,BB,0,0,0,0.0480572220177483,0.705702838355315,0.246239939626936,0
48477,BB,0,0,0,0.319714583060558,0.664992702344095,0.0139593812620128,0.00133333333333333
69620,BB,0,0,0,0.0198240586383001,0.599941459984804,0.379058010788661,0.00117647058823529
68823,A,0.864596008996164,0.0213149350649351,0.016,0,0,0.0980890559389011,0
84735,A,0.881435587804009,0.0540434054249844,0.00166666666666667,0,0.00315151515151515,0.059702824952825,0
74384,BBB,0.324646049083356,0,0,0,0.00521825396825397,0.670135696948391,0
54915,BB,0.00977777777777777,0,0,0,0.614523106580382,0.37569911564184,0
53984,BB,0,0,0,0.370555734599078,0.622301408258064,0.00214285714285714,0.005
76889,A,0.950412014885699,0,0,0,0,0.0495879851143009,0
66970,B,0,0,0,0.621215093214319,0.296628765970871,0,0.0821561408148096
75580,AA,0.0128923576423576,0.919071844821845,0.0680357975357975,0,0,0,0
67750,B,0,0,0,0.591392010294487,0.0874760861773245,0,0.321131903528188
70032,BB,0,0,0,0.466062642036326,0.50552769744875,0.00305764411027569,0.025352016404648
40480,AA,0.0107692307692308,0.786919868143553,0.202310901087217,0,0,0,0
67937,BBB,0.0286536796536797,0,0,0,0,0.97134632034632,0
53427,AA,0.322704951137614,0.661624053191391,0.0156709956709957,0,0,0,0
71561,BB,0,0,0,0.0115555555555556,0.782410255637036,0.206034188807409,0
64629,BBB,0.293324765104177,0,0,0,0.0183761487050961,0.688299086190727,0
77421,BBB,0.00766666666666666,0,0,0,0.227630612851201,0.764702720482133,0
71984,AA,0.0137289377289377,0.752718839759424,0.233552222511638,0,0,0,0
80692,AA,0.160243672048626,0.756419357388398,0.0833369705629767,0,0,0,0
43067,BB,0,0,0,0.381289617932807,0.598125699206195,0.0147884615384615,0.00579622132253711
46688,A,0.903013375427462,0.0710495193660828,0.00117647058823529,0,0.00117647058823529,0.0235841640299845,0
70504,CCC,0,0,0,0.002,0,0,0.998
62931,A,0.957361344537815,0.0183636363636364,0,0,0,0.0242750190985485,0
34827,B,0,0,0,0.818681445145842,0.072745834145215,0,0.108572720708944
65104,BBB,0.0177077171194818,0,0,0,0.158130888719124,0.822732822732823,0.00142857142857143
78105,A,0.794948824137679,0.00153846153846154,0,0,0.0075,0.19601271432386,0
37987,BB,0,0,0,0.0191369916633074,0.542831329317397,0.438031679019295,0
35880,BBB,0.00935064935064935,0,0,0,0.211833768226957,0.778815582422394,0
67537,BB,0,0,0,0.110394621718151,0.887938711615182,0.00166666666666667,0
37011,AA,0.22027295511506,0.77426486001099,0.00546218487394958,0,0,0,0
41597,BB,0,0,0,0.443948676194806,0.554512862266732,0.00153846153846154,0
44603,BB,0,0,0,0.0251865715983363,0.71587775502791,0.258935673373754,0
59920,BB,0,0,0,0.417335190866925,0.572080045083915,0.00953213247021296,0.00105263157894737
52137,BBB,0.0538842210421158,0.00111111111111111,0,0.004,0.12197901513691,0.819025652709863,0
47881,A,0.785575863850632,0.0673289551865403,0,0,0,0.147095180962828,0
64977,CCC,0,0,0,0.337353122110088,0.0502954431189725,0,0.612351434770939
78453,BBB,0.287849254546623,0,0,0.0159948107448107,0.00883333333333333,0.687322601375233,0
51148,BBB,0.385628352297857,0,0,0,0.00922910216718266,0.605142545534961,0
74481,B,0,0,0,0.748299734407319,0.207563901956317,0,0.0441363636363636
74574,AA,0.0144681400470874,0.844580358238253,0.14095150171466,0,0,0,0
50477,AAA,0,0,1,0,0,0,0
38175,BB,0,0,0,0.0435759567230155,0.717181266617799,0.239242776659185,0
82417,BB,0,0,0,0.138758620034936,0.780183548907233,0.0810578310578311,0
40030,A,0.473747631797167,0.0348456820956821,0.0025,0,0.0161523199023199,0.47275436620483,0
39513,AAA,0,0,1,0,0,0,0
71271,A,0.915971315578127,0.0564226238158127,0.00166666666666667,0,0.00181818181818182,0.0241212121212121,0
84229,BB,0,0,0,0.123222181005962,0.695958440815152,0.180819378178886,0
56016,AAA,0,0.0283101604278075,0.971689839572192,0,0,0,0
36448,BB,0,0,0,0.0118995726495727,0.502568317389525,0.485532109960902,0
53966,AAA,0,0.100327408401712,0.899672591598288,0,0,0,0
36737,BBB,0.0602795607029887,0,0,0,0.0447266622829503,0.894993777014061,0
66850,BB,0,0,0,0.118873339766529,0.752751805985552,0.128374854247919,0
32646,AA,0.0749246761494439,0.899935530545545,0.0251397933050107,0,0,0,0
53608,AAA,0,0.0484075924075924,0.951592407592408,0,0,0,0
49046,BB,0,0,0,0.113021025757868,0.822570762570763,0.0644082116713696,0
51860,BBB,0.396700770933628,0.00511505376344086,0,0.0421049708638843,0.0996994290372898,0.446711759207425,0.00966801619433199
53762,AA,0.0154761904761905,0.790771938587728,0.186132823317034,0,0,0.00761904761904762,0
69340,BBB,0.0628774215980098,0,0,0,0.0491139301874596,0.888008648214531,0
57924,BBB,0.454146373921916,0.00333333333333333,0,0,0.00105263157894737,0.541467661165804,0
63534,A,0.780988164398381,0.034037518037518,0,0,0,0.184974317564101,0
80615,AAA,0,0,1,0,0,0,0
39021,B,0,0,0,0.558653576299861,0.201086567972791,0.00266666666666667,0.237593189060681
44279,BB,0,0,0,0.0133116883116883,0.855557440999795,0.131130870688516,0
55901,BBB,0.189118389264674,0,0,0.00611111111111111,0,0.804770499624215,0
77794,AA,0.00517647058823529,0.722946690564338,0.269876838847427,0,0,0.002,0
61083,BB,0,0,0,0.174137362032233,0.819526039783342,0.00383659818442427,0.0025
35174,BB,0,0,0,0.461698402732458,0.475007458399873,0.0111047008547009,0.0521894380129674
33640,BB,0,0,0,0.208475196372255,0.769025694893342,0.0168627450980392,0.00563636363636364
77716,BBB,0.00668997668997669,0,0,0.00222222222222222,0.34564839838524,0.645439402702561,0
83048,A,0.596209296035921,0.0127272727272727,0,0.00333333333333333,0,0.387730097903473,0
38044,BB,0,0,0,0.17643771278601,0.711051441162896,0.112510846051094,0
46215,AAA,0,0.0214667685255921,0.978533231474408,0,0,0,0
59708,BBB,0,0,0,0,0.338435574626751,0.657564425373249,0.004
77354,BBB,0.00844444444444445,0,0,0.00117647058823529,0.154066710685704,0.835786058492142,0.000526315789473684
51043,A,0.822016904406223,0.118568533118069,0.00660504201680672,0,0.00153846153846154,0.0512710589204397,0
76676,BB,0,0,0,0.119527544860951,0.804908444845936,0.0755640102931125,0
41836,BBB,0.00555555555555556,0,0,0,0.258093171534348,0.736351272910096,0
46266,BBB,0.128484131881191,0,0,0,0.0233408029878618,0.848175065130947,0
82876,BBB,0,0,0,0.014367889420521,0.37420895169502,0.611423158884459,0
79066,BB,0,0,0,0.0107435897435897,0.899767977120918,0.089488433135492,0
35515,AAA,0,0,1,0,0,0,0
48252,BBB,0.362792641672053,0.0166125286478228,0,0,0.00467857142857143,0.615916258251552,0
80171,A,0.879289319555573,0.0501152078056103,0,0,0,0.0705954726388163,0
53575,BB,0,0,0,0.0025,0.511188074129383,0.486311925870617,0
57983,BB,0.00285714285714286,0,0,0,0.522380917328286,0.474761939814571,0
80929,BBB,0.0172272347535505,0,0,0,0.110787480063796,0.871985285182654,0
83798,B,0,0,0,0.76724914000688,0.223462981205241,0,0.00928787878787879
59426,B,0,0,0,0.772271718477601,0.171538490920844,0.00363636363636364,0.0525534269651917
65034,AA,0.0698313908313908,0.798935555023132,0.131233054145478,0,0,0,0
50428,BBB,0.00977777777777777,0,0,0,0.339177742020621,0.651044480201601,0
66199,BBB,0.356192096001694,0.00460664335664336,0,0.00444444444444444,0,0.634756816197219,0
47074,A,0.710078954842887,0.00988540870893812,0,0,0,0.280035636448175,0
56004,A,0.702636409710888,0.293036667212189,0.00153846153846154,0,0.00125,0.00153846153846154,0
72505,A,0.93999348458559,0.0389284268363216,0,0,0,0.0210780885780886,0
36644,BB,0,0,0,0.116239876136935,0.827594830006595,0.0561652938564703,0
78310,AA,0.00946493212669683,0.957897354709274,0.0326377131640289,0,0,0,0
67209,BB,0.0284313725490196,0,0,0.00684130575307046,0.549661631583071,0.415065690114839,0
58517,A,0.978962418300654,0.0199264705882353,0,0,0,0.00111111111111111,0
82599,BB,0,0,0,0.051554221492302,0.580408752582127,0.368037025925571,0
62691,B,0,0,0,0.558692969569131,0.00723890608875129,0,0.434068124342118
72363,AA,0.0638306595365419,0.733097062036691,0.198366396073826,0,0.00117647058823529,0.00352941176470588,0
43107,AAA,0,0.004,0.996,0,0,0,0
37859,BBB,0.247759219538631,0.0142936720142603,0.0025,0,0.123439170306817,0.612007938140291,0
39754,AAA,0,0,1,0,0,0,0
61798,AA,0.268105657783077,0.724234085806666,0.00153846153846154,0,0,0.00612179487179487,0
34228,B,0,0,0,0.61830764196244,0.351071658561597,0.0157416267942584,0.0148790726817043
68569,A,0.555522166086407,0.426406758789886,0,0,0,0.0180710751237067,0
68217,BBB,0.0186423576423576,0.00292929292929293,0,0,0.297796688777339,0.67938166065101,0.00125
80474,AA,0.341457711706938,0.578772280523054,0.0106363636363636,0,0.0311111111111111,0.038022533022533,0
73756,BBB,0.00861538461538462,0,0,0,0.235362651796088,0.756021963588527,0
75128,A,0.777868174223437,0.107710241512873,0,0.0031578947368421,0,0.111263689526847,0
51327,AAA,0,0,1,0,0,0,0
84700,AAA,0,0,1,0,0,0,0
37999,AA,0.24776790461001,0.747946381104276,0.00428571428571429,0,0,0,0
80545,CCC,0,0,0,0.0504890468148982,0.0121271929824561,0,0.937383760202646
33856,BB,0,0,0,0.066804271064333,0.895294747220444,0.0379009817152232,0
77816,AA,0.00741787624140565,0.560895033529709,0.431687090228886,0,0,0,0
52290,BB,0,0,0,0.156549202517469,0.816919980690104,0.0207126349742449,0.00581818181818182
75815,A,0.793908134997818,0.179921385584798,0.00201465201465201,0,0,0.0241558274027314,0
77372,AAA,0.0105882352941176,0.218031797340722,0.766674085012219,0,0.00117647058823529,0.00352941176470588,0
59919,AAA,0,0,1,0,0,0,0
58982,AAA,0,0,1,0,0,0,0
72658,B,0,0,0,0.463063640350018,0.406131992706296,0.0345926079424531,0.0962117590012327
63069,A,0.632701950268514,0.363257645691082,0.00181818181818182,0,0,0.00222222222222222,0
53480,AA,0.226299900306092,0.745508723818321,0.0208229548229548,0,0,0.00736842105263158,0
64467,A,0.946637812479918,0.0353318844897792,0.00166666666666667,0,0.00181818181818182,0.0145454545454545,0
73371,AA,0.0480781718281718,0.909165307860354,0.0427565203114739,0,0,0,0
80927,A,0.687920236006711,0.299511582175107,0.002,0,0,0.0105681818181818,0
65969,BB,0,0,0,0.333931741547067,0.630265164488075,0.0358030939648587,0
72847,BB,0,0,0,0.117188487381212,0.7838871307571,0.0969243818616884,0.002
48209,BBB,0.0178412698412698,0,0,0,0.0203679653679654,0.961790764790765,0
61787,AAA,0,0.0563823763955343,0.943617623604466,0,0,0,0
45262,BB,0,0,0,0.0245275835275835,0.882159779504981,0.0933126369674357,0
35571,A,0.799636130062776,0.196087554147751,0,0,0,0.00427631578947369,0
62190,A,0.919947163947164,0.0520466200466201,0.00307692307692308,0,0,0.0249292929292929,0
37017,BB,0,0,0,0.0169282179808496,0.520094764282845,0.462977017736306,0
63543,A,0.814087064552235,0.0713286153990488,0,0.0031578947368421,0,0.111426425311874,0
60415,BB,0.00352941176470588,0,0,0.00383333333333333,0.675336375956345,0.317300878945616,0
73281,BB,0,0,0,0.108905954726388,0.710626951737633,0.180467093535979,0
54627,AAA,0,0,1,0,0,0,0
44891,A,0.82601429586318,0.0518687538515125,0,0,0.0043956043956044,0.117721345889703,0
65138,BB,0,0,0,0.0122629008418482,0.673983295428342,0.31375380372981,0
46340,BBB,0.0266114791641107,0,0,0.00381818181818182,0.00911732711732712,0.96045301190038,0
84254,BB,0,0,0,0.0340752136752137,0.856129891745681,0.109794894579105,0
79055,BB,0,0,0,0.0197467409611372,0.64616757906696,0.334085679971903,0
79124,BBB,0.077666017762767,0.00222222222222222,0,0,0,0.920111760015011,0
56355,BB,0,0,0,0.0095959595959596,0.876314791159993,0.114089249244048,0
52543,B,0,0,0,0.64979722496286,0.00976859569738827,0,0.340434179339752
81226,AAA,0,0.061239328267192,0.938760671732808,0,0,0,0
73490,BB,0,0,0,0.0991011628550328,0.780936767051318,0.119962070093649,0
44275,BBB,0.00629761904761905,0,0,0,0.148516796155341,0.84518558479704,0
33529,AA,0.0293381180223286,0.959177033492823,0.0114848484848485,0,0,0,0
69916,A,0.583593627304928,0.00276190476190476,0,0,0,0.413644467933168,0
58963,BB,0,0,0,0.381751711910381,0.612112323177339,0.00375,0.0023859649122807
81238,CCC,0,0,0,0.316329185778102,0.0144873316398084,0,0.669183482582089
58135,AAA,0,0,1,0,0,0,0
46274,BB,0,0,0,0.0238345429080723,0.601333400861265,0.374832056230663,0
80584,AA,0.0215910931174089,0.94890639185376,0.0295025150288308,0,0,0,0
57719,AAA,0,0,1,0,0,0,0
43535,BBB,0.16417992989123,0,0,0,0.002,0.83382007010877,0
37850,AAA,0,0,1,0,0,0,0
56017,A,0.948622297637003,0.0379012066365008,0.00461538461538461,0,0,0.00886111111111111,0
55721,BBB,0.00553846153846154,0,0,0.00133333333333333,0.450634677414089,0.542493527714116,0
72566,BBB,0.141051277154218,0,0,0,0.025228354978355,0.833720367867427,0
45626,BBB,0.113448961856857,0.00333333333333333,0,0.002,0,0.88121770480981,0
66446,BB,0,0,0,0,0.984546825723296,0.0154531742767037,0
32656,BBB,0,0,0,0.000952380952380953,0.408145313750577,0.590902305297042,0
60732,A,0.77569984770991,0.202881757819064,0,0,0,0.021418394471026,0
46185,AAA,0,0.391873275621863,0.608126724378137,0,0,0,0
36695,A,0.850753472447745,0.0947476118652589,0,0,0,0.0544989156869962,0
74790,CCC,0,0,0,0.00746052631578947,0.00421052631578947,0,0.988328947368421
65620,AAA,0,0.0579480921555225,0.942051907844478,0,0,0,0
32965,BB,0,0,0,0.0676306700882014,0.842503680081752,0.0862292861936825,0.00363636363636364
52498,A,0.926569337697047,0.0244136500754148,0.016,0,0,0.0330170122275385,0
43580,B,0,0,0,0.600850401662321,0.382654945931262,0.00699465240641711,0.0095
69742,AA,0.021902365178681,0.952902746376431,0.0251948884448884,0,0,0,0
69813,BBB,0.206883905568116,0,0,0,0.00111111111111111,0.792004983320773,0
68544,AAA,0,0,1,0,0,0,0
37837,AAA,0.0370639360639361,0.168903936706568,0.774143238340607,0,0.0111111111111111,0.00877777777777778,0
67132,BB,0,0,0,0.00922222222222222,0.659337996798523,0.331439780979255,0
82316,BBB,0,0,0,0.00807223942208462,0.447941390480864,0.543986370097051,0
78015,AA,0.187094293133767,0.733474549220242,0.0794311576459914,0,0,0,0
76721,AA,0.34760263274737,0.639605772882089,0.0127915943705417,0,0,0,0
54902,BB,0,0,0,0.35883190347664,0.632663823019086,0.00376068376068376,0.00474358974358974
55109,B,0,0,0,0.609867222388894,0.115399522046581,0,0.274733255564525
47247,AAA,0,0.0319440559440559,0.968055944055944,0,0,0,0
49358,AAA,0.00266666666666667,0.0165490196078431,0.98078431372549,0,0,0,0
70902,BB,0,0,0,0.254925608017713,0.695638598243861,0.0416176119202435,0.00781818181818182
82589,BBB,0,0,0,0.00133333333333333,0.281537841071897,0.71712882559477,0
63139,BB,0,0,0,0.0121525471432592,0.81762467099464,0.170222781862101,0
33170,AA,0.324226906678919,0.565967143279837,0.0589172096966215,0,0,0.0508887403446227,0
42311,BB,0,0,0,0.0116971916971917,0.913865042723015,0.0744377655797934,0
61087,AAA,0,0.0423101604278075,0.957689839572192,0,0,0,0
52510,BBB,0.00307692307692308,0,0,0.00425339366515837,0.384616424167508,0.608053259090411,0
82182,BB,0,0,0,0.0108205128205128,0.916732346085287,0.0724471410941999,0
77753,B,0,0,0,0.517321466201497,0.28760932007449,0.0117857142857143,0.183283499438298
40058,A,0.885016082948034,0.109916043748799,0,0,0,0.00506787330316742,0
37000,BBB,0.00307692307692308,0,0,0.00425339366515837,0.449147315017284,0.543522368240634,0
64569,A,0.61578496314487,0.38421503685513,0,0,0,0,0
54161,AAA,0,0,1,0,0,0,0
55775,AA,0.0680590520590521,0.765655962320386,0.166284985620562,0,0,0,0
66443,BB,0,0,0,0.077906570467716,0.743229947715645,0.178863481816638,0
59727,BB,0,0,0,0.0499794182425761,0.833571264820491,0.116449316936933,0
64731,BB,0,0,0,0.309811820016928,0.668404400896661,0.0145947838710997,0.00718899521531101
66338,AAA,0,0.199242736776892,0.800757263223108,0,0,0,0
51036,BB,0,0,0,0.0351334293501476,0.831135745231721,0.133730825418132,0
61295,BBB,0.433344193474224,0.0281987179487179,0,0,0.005,0.533457088577058,0
82716,A,0.869755386770093,0.0541258986111927,0.00166666666666667,0,0.00315151515151515,0.0713005328005328,0
52879,B,0,0,0,0.673649848293012,0.282460473179738,0.00435786435786436,0.0395318141693853
50367,BBB,0.250432265275144,0.0117761650114591,0,0,0.0157084377610693,0.722083131952327,0
37594,BB,0,0,0,0.0102264752791069,0.654533197109049,0.335240327611845,0
73909,BBB,0.025614227275992,0,0,0.00153846153846154,0.3352193327828,0.637627978402746,0
34962,BBB,0.13219692168805,0,0,0,0.00960568842921784,0.858197389882732,0
36268,BB,0,0,0,0.0255164055071176,0.670362220854481,0.304121373638402,0
70082,BB,0,0,0,0.016010989010989,0.639802679518624,0.344186331470387,0
51239,A,0.573321220709651,0.00966666666666667,0,0,0,0.417012112623683,0
33795,A,0.901634250338585,0.0696804349761006,0,0,0,0.0286853146853147,0
79565,BBB,0.0242965367965368,0,0,0,0.0387301587301587,0.936973304473305,0
52903,BB,0.0025,0,0,0.0384733566227374,0.740763101857266,0.218263541519997,0
53420,B,0,0,0,0.561017029753872,0.0483483717864523,0,0.390634598459676
34344,A,0.767869502297696,0.230880497702304,0,0,0.00125,0,0
62063,BBB,0.00502331002331002,0,0,0.00133333333333333,0.297916723283596,0.69572663335976,0
50097,B,0,0,0,0.519832176681248,0.441285705436634,0.00419047619047619,0.0346916416916417
44232,BB,0,0,0,0.295454319416394,0.69268136069297,0,0.0118643198906357
32946,BB,0,0,0,0.0459550223598211,0.750866060753832,0.203178916886347,0
72411,A,0.668519227375652,0.307948305091881,0.016,0,0,0.00753246753246753,0
47207,BB,0,0,0,0.38248354285893,0.594716350814648,0.00705263157894737,0.0157474747474747
36955,CCC,0,0,0,0.297795226537392,0.0113921240050272,0,0.690812649457581
55265,BBB,0.00506493506493506,0,0,0.00333333333333333,0.427929939169877,0.563671792431854,0
61258,BBB,0.0645766259883907,0,0,0,0.161622849372849,0.76980052463876,0.004
50039,BBB,0.106166217683246,0,0,0,0.0101764705882353,0.883657311728519,0
67662,AAA,0,0,1,0,0,0,0
70008,AAA,0,0.00428571428571429,0.995714285714286,0,0,0,0
47527,B,0,0,0,0.445553888062402,0.427432951723199,0.00580010632642211,0.121213053887977
46882,BB,0.004,0,0,0.0101602564102564,0.615597165991903,0.370242577597841,0
69490,BB,0,0,0,0.124829072887896,0.7915055977734,0.0836653293387039,0
78668,A,0.962545454545454,0.0193333333333333,0,0,0,0.0181212121212121,0
48246,BBB,0.0222473996591644,0.00181818181818182,0,0.00317647058823529,0.0903466892584539,0.882411258675965,0
64648,AA,0.20420401597027,0.710536957108938,0.0738881118881119,0,0,0.0113709150326797,0
44128,B,0,0,0,0.835827331595134,0.0551176764412059,0,0.109054991963661
59545,AAA,0,0.00111111111111111,0.998888888888889,0,0,0,0
74898,AA,0.0149537304800463,0.910407830817273,0.0746384387026802,0,0,0,0
57036,BB,0.00933333333333334,0,0,0.00363636363636364,0.580250262895,0.406780040135303,0
82980,BBB,0.177189754689755,0,0,0.002,0.00105263157894737,0.819757613731298,0
77390,BBB,0.259844119073221,0,0,0,0.00533333333333333,0.734822547593446,0
45100,CCC,0,0,0,0.447890582499716,0.00668627450980392,0,0.545423142990481
47815,A,0.794085810732096,0.0194912280701754,0,0,0.0056456043956044,0.180777356802125,0
45454,AAA,0.00266666666666667,0.0119166666666667,0.985416666666667,0,0,0,0
59130,AAA,0,0.162186666103075,0.837813333896925,0,0,0,0
40836,A,0.822279009002693,0,0,0,0,0.177720990997307,0
68422,AAA,0,0.0541554001554001,0.9458445998446,0,0,0,0
58310,BB,0,0,0,0.120400027904672,0.854343433312474,0.0221796157059315,0.00307692307692308
40182,BB,0.0402313500339816,0,0,0.128283232047164,0.511496701698714,0.282765554391715,0.037223161828425
62509,AA,0.00117647058823529,0.953322179884099,0.0455013495276653,0,0,0,0
36358,AAA,0,0.004,0.996,0,0,0,0
42293,B,0,0,0,0.865255521138648,0.0806639042072479,0,0.0540805746541041
55992,BB,0,0,0,0.0302012864156827,0.706141231145875,0.263657482438442,0
70782,BB,0,0,0,0.0205199362041467,0.775301244678954,0.2041788191169,0
79971,A,0.531462883865361,0.405431352617111,0,0,0,0.0631057635175282,0
82105,AA,0,0.687188277752519,0.312811722247481,0,0,0,0
84638,BBB,0.0867126778450308,0,0,0,0.0350750617631423,0.878212260391827,0
68413,BB,0,0,0,0.00643589743589744,0.502457848652895,0.491106253911207,0
50139,BBB,0.00579185520361991,0,0,0,0.44215595678831,0.54805218800807,0.004
33137,AAA,0,0.0438900587903145,0.956109941209686,0,0,0,0
82483,AA,0.028485545414338,0.684625416379286,0.286889038206376,0,0,0,0
38575,BB,0.00714285714285714,0,0,0.340469356494898,0.486039993460272,0.117708265762445,0.0486395271395271
66978,A,0.721284207493573,0.25518332497396,0.016,0,0,0.00753246753246753,0
33580,AA,0.411033050197137,0.583914318223916,0.004,0,0,0.00105263157894737,0
65211,BB,0,0,0,0.235983640714291,0.714530161273195,0.0494861980125138,0
70650,AA,0.0894341368126198,0.751082557019863,0.151864258548469,0,0,0.00761904761904762,0
78380,B,0,0,0,0.821805316114914,0.134391542581945,0,0.0438031413031413
64053,BBB,0.00870175438596491,0,0,0,0.00933333333333334,0.981964912280702,0
56674,BBB,0.0148584923848082,0,0,0,0.358862302901777,0.626279204713415,0
45173,AAA,0,0,1,0,0,0,0
80769,BBB,0.11893056616586,0.00142857142857143,0,0,0.0130812324929972,0.866559629912571,0
55900,BBB,0.0125901116427432,0,0,0.145237436797808,0.374643911901652,0.383399482182764,0.0841290574750327
65701,BBB,0.0189010989010989,0,0,0,0.169844252754469,0.811254648344432,0
58935,A,0.569182855156539,0.427659250106618,0.0031578947368421,0,0,0,0
84485,BB,0,0,0,0.0188282828282828,0.689216705121504,0.291955012050213,0
79407,A,0.675968910088879,0.0184884004884005,0,0,0.00285714285714286,0.302685546565578,0
58484,AA,0.0761372549019608,0.920333333333333,0.00352941176470588,0,0,0,0
41398,A,0.588407193814901,0.0669577987934986,0.00858288770053476,0,0.00654341736694678,0.329508702324118,0
74176,AAA,0.00266666666666667,0.49413364250129,0.503199690832044,0,0,0,0
33636,CCC,0,0,0,0.181117810552021,0.0293183225443287,0,0.78956386690365
39439,A,0.48287012020903,0.228541172142216,0.0194518814518815,0,0.00785714285714286,0.26127968333973,0
71793,A,0.807319820014867,0.0931855133170923,0.00299465240641711,0,0.0043956043956044,0.0921044098660198,0
79144,BB,0,0,0,0.454621465737565,0.48826030574173,0.0280529254027706,0.0290653031179347
61015,AAA,0,0,1,0,0,0,0
35397,AAA,0,0,1,0,0,0,0
73117,A,0.798716522211878,0.0492695374800638,0,0,0,0.152013940308058,0
79799,BBB,0.00875655716832187,0,0,0,0.126038806223017,0.865204636608661,0
78409,BBB,0.00963636363636364,0,0,0.00333333333333333,0.45246777560245,0.534562527427852,0
56257,BB,0.0457119155354449,0,0,0.0105227272727273,0.493656560244022,0.450108796947806,0
50829,AA,0.0292565571683219,0.966743442831678,0.004,0,0,0,0
76777,BB,0,0,0,0.0109812030075188,0.918560868182385,0.070457928810096,0
70770,AAA,0.00333333333333333,0.0153859649122807,0.981280701754386,0,0,0,0
41421,AAA,0,0,1,0,0,0,0
78043,BBB,0.389735624876775,0.00142857142857143,0,0.00153846153846154,0,0.607297342156192,0
59572,A,0.572785292880494,0.00933333333333333,0,0,0.00259109311740891,0.415290280668764,0
63043,BBB,0.439867183985605,0.0139579831932773,0,0,0.0206729153199741,0.525501917501144,0
68879,BB,0,0,0,0.208386565232153,0.743098028605381,0.048515406162465,0
33620,BBB,0.0659546164190127,0,0,0,0.0523810657866386,0.881664317794349,0
55318,A,0.800681967499305,0.159784969072895,0,0,0,0.0395330634278003,0
52470,CCC,0,0,0,0.0244807692307692,0.00752136752136752,0,0.967997863247863
36692,BBB,0.254025937255039,0,0,0,0.00533333333333333,0.740640729411627,0
67184,BB,0.00627638615254714,0,0,0.0249566865882655,0.486650991165697,0.462850017801256,0.0192659182922341
81379,A,0.683148392972696,0.0117316017316017,0,0,0.00583778966131907,0.299282215634383,0
42755,BBB,0.192379964806435,0.00470588235294118,0,0,0.00656346749226006,0.796350685348363,0
35381,BB,0,0,0,0.219551949684303,0.772629868497516,0.006,0.00181818181818182
47323,A,0.849373656013749,0.121980434426255,0.00266666666666667,0,0,0.0259792428933296,0
70046,BB,0,0,0,0.277620584437922,0.707789202283784,0.0122291021671827,0.00236111111111111
84993,AAA,0,0,1,0,0,0,0
77748,A,0.842113752088984,0.00353846153846154,0,0,0,0.154347786372554,0
33194,BBB,0.0433933452168746,0.016,0,0,0.0922951585737964,0.848311496209329,0
35681,BBB,0.0499588744588744,0.002,0,0.0540731697782781,0.298730810812854,0.567510757903947,0.0277263870460465
56503,BBB,0.162604015179867,0.00333333333333333,0,0,0,0.8340626514868,0
59371,BBB,0.00391666666666667,0,0,0,0.0641636097820308,0.931919723551303,0
52540,AAA,0,0,1,0,0,0,0
36409,AAA,0,0,1,0,0,0,0
70288,A,0.854208513880341,0.0165359238857691,0,0,0,0.12925556223389,0
73431,AA,0.418232175787748,0.57573911607828,0,0,0,0.00602870813397129,0
53533,AA,0.0323333333333333,0.955666666666667,0.01,0,0,0.002,0
82319,BBB,0.239563155970277,0.00553846153846154,0,0,0.00441025641025641,0.750488126081005,0
58492,AAA,0,0,1,0,0,0,0
73212,CCC,0,0,0,0.130054577775166,0.00385504201680672,0,0.866090380208027
52497,BB,0,0,0,0.187954883437856,0.787763875357529,0.0230312412046158,0.00125
82773,AAA,0,0,1,0,0,0,0
36237,AAA,0,0,1,0,0,0,0
43517,A,0.831377920411202,0.14114540103859,0,0,0,0.027476678550208,0
46833,BB,0,0,0,0.290028206915204,0.696254038617042,0.0124677544677545,0.00125
36364,AA,0.0173893719806763,0.802329216550787,0.180281411468536,0,0,0,0
48705,BB,0,0,0,0.0344101909315464,0.859686577006398,0.105903232062056,0
84639,BBB,0.00285714285714286,0,0,0,0.4973012283229,0.499841628819957,0
63264,BBB,0.228041604336496,0.00105263157894737,0,0.0044078947368421,0.023969696969697,0.742528172378018,0
54724,AA,0.10839256177334,0.650087903217369,0.241519535009291,0,0,0,0
54846,A,0.616960235756675,0.006,0,0,0,0.377039764243325,0
82953,AAA,0,0.0288157181571816,0.971184281842819,0,0,0,0
78750,BBB,0.0110678733031674,0,0,0,0.0234497806115453,0.965482346085287,0
45388,AAA,0,0,1,0,0,0,0
33674,BBB,0.178650479637322,0.00181818181818182,0,0,0.0367831343063541,0.782748204238142,0
67558,AA,0.101841789789158,0.840285633183466,0.0578725770273758,0,0,0,0
50202,A,0.750671261315224,0.229538568071076,0,0,0,0.0197901706137,0
47588,BB,0,0,0,0.0794551239953717,0.794438197767145,0.126106678237483,0
77919,BBB,0.00676190476190476,0,0,0,0.1797880469204,0.813450048317696,0
32910,BBB,0.0198188282305929,0.00292929292929293,0,0.00181818181818182,0.327086477420069,0.647097219601864,0.00125
54593,BB,0,0,0,0.0782884923813716,0.703292053319917,0.218419454298711,0
84647,BB,0,0,0,0.397824018173089,0.573597801836966,0.0285781799899447,0
67046,AAA,0.01,0.304428253664854,0.685571746335146,0,0,0,0
78872,CCC,0,0,0,0.0168055555555556,0.00444444444444444,0,0.97875
35163,BBB,0.0639615445613898,0.002,0,0,0.24652611372116,0.68751234171745,0
74370,AAA,0,0,1,0,0,0,0
76375,AA,0.0214871794871795,0.9472162004662,0.0312966200466201,0,0,0,0
63584,AA,0.427220110894458,0.561080160437638,0.00810863555049601,0,0,0.00359109311740891,0
45070,A,0.857937385455961,0.0234921271538919,0,0,0,0.118570487390147,0
74875,A,0.728012799721778,0.262956289668364,0.0031578947368421,0,0,0.00587301587301587,0
36311,A,0.938370500070964,0.032796760772767,0,0,0,0.0288327391562686,0
51380,BBB,0.39305166548278,0.00153846153846154,0,0,0,0.605409872978759,0
82464,BBB,0.11511342185455,0,0,0,0.0080672268907563,0.876819351254694,0
54146,AAA,0,0,1,0,0,0,0
60499,B,0,0,0,0.812428390614124,0.161931175894636,0.0113382867132867,0.0143021467779532
64311,AAA,0,0.130766273973704,0.869233726026296,0,0,0,0
51514,BBB,0.0996854948457116,0,0,0,0.0659026610644258,0.834411844089863,0
80212,BBB,0.0183422459893048,0,0,0,0.164472953517071,0.817184800493624,0
75372,A,0.747968552603228,0.0107692307692308,0,0,0,0.241262216627542,0
79410,AAA,0,0,1,0,0,0,0
51150,BB,0,0,0,0.0359021052047368,0.640915660094083,0.323182234701181,0
83715,AAA,0,0,1,0,0,0,0
75444,BBB,0.00230769230769231,0.00111111111111111,0,0.0149273381417344,0.48693093396112,0.494722924478342,0
68816,BB,0,0,0,0.0704504235015071,0.756321975496124,0.173227601002369,0
64863,BB,0,0,0,0.221347081796772,0.764531706082016,0.0141212121212121,0
44118,CCC,0,0,0,0.00746052631578947,0.00421052631578947,0,0.988328947368421
33744,BBB,0.013967032967033,0,0,0.00665767359575409,0.452849920289549,0.522192039814331,0.00433333333333333
76377,BB,0,0,0,0.127470361338008,0.810285162979436,0.0622444756825562,0
72561,AA,0.245790556450773,0.695805317919095,0.0584041256301318,0,0,0,0
61732,AAA,0,0.0214667685255921,0.978533231474408,0,0,0,0
53279,BBB,0.0325408623024722,0,0,0,0.0773287737374425,0.890130363960085,0
61270,BBB,0.142304592466357,0,0,0,0.0657011485246779,0.791994259008965,0
56278,BBB,0.0180205656057049,0,0,0,0.115136512867937,0.866842921526358,0
37795,A,0.887555975757988,0.105870424467174,0,0,0,0.00657359977483817,0
42312,A,0.845744505924072,0,0,0,0.006,0.148255494075928,0
67684,BBB,0.192775309657663,0,0,0,0.0564815648747537,0.750743125467583,0
57752,BBB,0.0280126474832357,0,0,0,0.0794005049817743,0.89258684753499,0
81551,BBB,0.0473734328484574,0,0,0,0.291049912505795,0.661576654645748,0
59381,BBB,0.0213296507414154,0,0,0,0.301757425580955,0.676912923677629,0
74702,BBB,0.48352712823205,0.0139809716990244,0,0,0.00276190476190476,0.499729995307021,0
63905,CCC,0,0,0,0.228643346849229,0.00728758169934641,0,0.764069071451424
79631,B,0,0,0,0.724996530559224,0.0673619765167753,0,0.207641492924001
44872,AAA,0,0,1,0,0,0,0
68584,BB,0,0,0,0.123994236156001,0.638831469957631,0.180727074439149,0.0564472194472194
84629,A,0.812525297629787,0.179579965528108,0,0,0,0.00789473684210527,0
70484,BBB,0.0469860837476937,0,0,0,0.0531039809863339,0.899909935265972,0
84922,AA,0.0285432462274568,0.759221191089612,0.212235562682931,0,0,0,0
51738,BBB,0,0,0,0.0278681318681319,0.406283694909055,0.565848173222813,0
76059,BB,0,0,0,0.0144470149733308,0.540775539647831,0.444777445378839,0
64735,AAA,0,0.374997874513786,0.625002125486214,0,0,0,0
41508,BBB,0.0651028138528139,0,0,0,0.0381310797046091,0.896766106442577,0
60944,BBB,0.128216470062445,0.00153846153846154,0,0.0064078947368421,0.0190909090909091,0.844746264571342,0
54407,B,0,0,0,0.610896357426543,0.343788295381949,0,0.0453153471915082
83561,A,0.594874951242483,0.0173423264907136,0,0.00411981566820276,0.00132616487455197,0.382336741724048,0
70768,BBB,0.0754999766315555,0,0,0,0.0337780520133461,0.890721971355098,0
37680,BB,0,0,0,0.00222222222222222,0.576859649638287,0.42091812813949,0
54680,B,0,0,0,0.548779834921451,0.379161832965463,0.0183953444216602,0.0536629876914257
72194,BBB,0.0268496944232238,0,0,0,0.011469696969697,0.961680608607079,0
42783,AA,0.272662617396364,0.69458413585039,0.0327532467532467,0,0,0,0
74710,BBB,0.448611110251977,0.0494735787088728,0,0,0.0166386554621849,0.485276655576965,0
35920,AAA,0,0.291833077536295,0.708166922463705,0,0,0,0
53370,AA,0.0145384615384615,0.691643285850716,0.293818252610822,0,0,0,0
53526,AAA,0,0,1,0,0,0,0
80122,BB,0,0,0,0.0711772025703914,0.834746906086689,0.0940758913429192,0
47772,AA,0.0495502079619727,0.932176790529732,0.0182730015082956,0,0,0,0
74099,BB,0,0,0,0.0131544925662573,0.925572770882368,0.0612727365513743,0
77398,AA,0.0488149350649351,0.941917665667666,0.00926739926739927,0,0,0,0
63942,BBB,0.0107070707070707,0,0,0,0.345493823342121,0.643799105950809,0
51904,BBB,0.129640965501647,0,0,0,0.021600573832772,0.848758460665581,0
68414,BB,0,0,0,0,0.525527413590881,0.474472586409119,0
51267,BBB,0.011643408878703,0,0,0,0.364831990302579,0.623524600818719,0
54501,B,0,0,0,0.57501732598327,0.384886623008914,0.0272930207047854,0.0128030303030303
47889,AAA,0.0673195823784059,0.182095119706575,0.746585297915019,0,0,0.004,0
60984,BBB,0.0106071428571429,0,0,0,0.222758633007859,0.766634224134998,0
39060,BBB,0.0158571428571429,0,0,0,0.113054001554002,0.871088855588856,0
68616,A,0.788111431052608,0.0186666666666667,0,0,0,0.193221902280726,0
69427,BBB,0.0662981681201496,0,0,0,0.0133196215549157,0.920382210324935,0
34290,A,0.90582686611634,0.0201785714285714,0.016,0,0,0.0579945624550888,0
48962,AA,0.00473621925437013,0.599186812352094,0.388804241120809,0,0,0.00727272727272727,0
64567,BBB,0.0920841854224207,0,0,0,0.0370628978864273,0.870852916691152,0
35814,BBB,0.00770053475935829,0,0,0,0.0696421935477663,0.922657271692875,0
63915,AA,0.270448507546805,0.7081690970708,0.0213823953823954,0,0,0,0
77964,BBB,0.021905408317173,0.002,0,0.00566666666666667,0.223975221544881,0.746452703471279,0
37147,BB,0.002,0,0,0.0194722222222222,0.580541663187174,0.397986114590604,0
75308,BBB,0.435615513743223,0,0,0,0.0203235930735931,0.544060893183184,0
70624,BB,0,0,0,0.466020510277476,0.486256038337308,0.00166666666666667,0.0460567847185494
66142,AAA,0,0.0858015753640387,0.914198424635961,0,0,0,0
60459,BBB,0.00852380952380953,0,0,0.00368627450980392,0.37129871641946,0.616491199546927,0
55945,BBB,0.00305263157894737,0,0,0,0.126064258840575,0.870883109580478,0
62960,BBB,0.351115267085855,0,0,0,0,0.648884732914145,0
49416,AA,0.0635008912655972,0.916190285204991,0.00893627450980392,0,0.00450980392156863,0.00686274509803921,0
34964,A,0.534787946965851,0.00833333333333334,0,0,0,0.456878719700816,0
32901,BB,0,0,0,0.0127045454545455,0.567623199555862,0.419672254989592,0
47435,BBB,0.0258261831048209,0,0,0,0.135563911063137,0.838609905832042,0
66814,A,0.747261169216865,0.0562762874943402,0,0,0,0.196462543288795,0
42359,A,0.8717391545503,0.0541272879167616,0,0,0,0.0741335575329383,0
51633,A,0.874107160125736,0.107763341921237,0.00427170868347339,0,0,0.013857789269554,0
56698,BBB,0.0704877230612525,0.002,0,0,0.109532305929365,0.817979971009383,0
72738,BBB,0.266727569443514,0.00153846153846154,0,0.0154380341880342,0.0043956043956044,0.711900330434386,0
62088,AAA,0,0.00428571428571429,0.995714285714286,0,0,0,0
82400,BBB,0,0,0,0.019638535441167,0.482017921087607,0.498343543471226,0
85028,BBB,0.0675712387028177,0,0,0,0.0541764705882353,0.878252290708947,0
81886,AAA,0,0.0260606060606061,0.973939393939394,0,0,0,0
62918,BB,0,0,0,0.122925962496396,0.668601504962186,0.208472532541418,0
65247,AA,0.428911832663381,0.539491676108549,0.00959649122807017,0,0,0.022,0
77539,AA,0.134721309650102,0.833120281507278,0.0247899877899878,0,0,0.00736842105263158,0
42121,AAA,0,0,1,0,0,0,0
68002,BBB,0.0093030303030303,0,0,0,0.485370302040581,0.505326667656389,0
76522,AA,0.013,0.708878717086147,0.278121282913853,0,0,0,0
44167,A,0.715890780701926,0,0,0,0,0.284109219298074,0
84078,AAA,0,0.002,0.998,0,0,0,0
49885,AAA,0,0.0538389563652722,0.946161043634728,0,0,0,0
43827,BB,0,0,0,0.132472128232964,0.711537485562253,0.155990386204782,0
46374,AAA,0,0,1,0,0,0,0
77426,CCC,0,0,0,0.38622497597575,0.0410454753651348,0,0.572729548659115
41327,BBB,0.0216659663865546,0,0,0,0.176817739707833,0.801516293905613,0
81810,AA,0.008438995215311,0.92229399393873,0.0692670108459582,0,0,0,0
50893,BB,0,0,0,0.177777520982629,0.79991009042557,0.0223123885918004,0
55704,BBB,0.184459892790388,0,0,0,0.0069866975130133,0.808553409696599,0
59039,BBB,0.442331972140123,0.00571428571428571,0,0,0,0.551953742145592,0
69504,AAA,0,0,1,0,0,0,0
32657,A,0.641973598297128,0,0,0.00153846153846154,0,0.356487940164411,0
35984,AAA,0,0.00588235294117647,0.994117647058824,0,0,0,0
38923,AAA,0,0,1,0,0,0,0
40550,BB,0,0,0,0.170245592642651,0.782315385594797,0.0474390217625512,0
81244,AAA,0,0,1,0,0,0,0
77315,BBB,0.017398636451268,0,0,0,0.257429529448879,0.725171834099853,0
39240,AAA,0,0,1,0,0,0,0
84585,BBB,0.109479089881567,0,0,0,0.0792862105215046,0.811234699596929,0
78151,AA,0.473016776824826,0.499101017661389,0.0202631578947368,0,0,0.00761904761904762,0
49552,BBB,0,0,0,0.00644817927170868,0.388355992820389,0.605195827907902,0
35868,AA,0.051220381957224,0.672617875588464,0.268889015181585,0,0,0.00727272727272727,0
75770,B,0,0,0,0.603839706904722,0.365404956928177,0,0.0307553361671009
36499,BBB,0.01,0.002,0,0,0.148116198301183,0.839883801698817,0
51701,A,0.937864721879428,0.0379012066365008,0.00461538461538461,0,0,0.0196186868686869,0
50056,BBB,0.244839777353709,0,0,0,0.0419304452857085,0.713229777360582,0
57083,A,0.8467397425416,0.0316702172096909,0,0,0.00418803418803419,0.117402006060675,0
44919,BBB,0.0145294117647059,0,0,0,0.0162414056531704,0.969229182582124,0
77595,BBB,0.0793801046734483,0,0,0,0.0654674667437825,0.855152428582769,0
76545,AAA,0,0.100946052747616,0.899053947252383,0,0,0,0
71463,AA,0.0167669172932331,0.95386976181713,0.0293633208896367,0,0,0,0
47679,BB,0.002,0,0,0.00719047619047619,0.746800878516049,0.244008645293475,0
56755,BB,0.00519607843137255,0,0,0.00615384615384615,0.646238178917746,0.342411896497036,0
48508,AAA,0,0,1,0,0,0,0
43553,BB,0.00352941176470588,0,0,0.0703332286908138,0.872707213838793,0.0534301457056875,0
59448,AAA,0,0,1,0,0,0,0
64036,A,0.734244188366534,0.0366852101303714,0,0,0.00718406593406593,0.221886535569028,0
42342,BB,0,0,0,0.442278097547447,0.539153720634371,0,0.0185681818181818
52193,AAA,0.001,0.275202290571486,0.723797709428514,0,0,0,0
40698,AAA,0,0.268260566059328,0.731739433940672,0,0,0,0
40059,BB,0,0,0,0,0.969898462734376,0.030101537265624,0
83095,BB,0,0,0,0.00212885154061625,0.80692816151707,0.190942986942314,0
62278,BBB,0.211013838930248,0.013680926916221,0,0,0.0159259914492113,0.75937924270432,0
63950,BB,0,0,0,0.312359164399412,0.651993135691278,0.0320113362729462,0.00363636363636364
70757,BB,0,0,0,0.174586049571344,0.813013725266821,0.0124002251618351,0
44110,BB,0,0,0,0.196576852885676,0.672601779970975,0.130821367143349,0
78220,BBB,0.130731022417555,0,0,0,0.00656346749226006,0.862705510090185,0
71395,BBB,0.00477941176470588,0,0,0,0.00538699690402477,0.989833591331269,0
69895,BBB,0.00166666666666667,0,0,0.00948717948717949,0.413599172585241,0.575246981260913,0
78727,BB,0,0,0,0.279259395575185,0.713705066862962,0.00703553756185335,0
43913,BB,0,0,0,0.0311007015859957,0.672557816022986,0.296341482391018,0
82657,BBB,0.00887179487179487,0,0,0,0.134872113180937,0.856256091947269,0
57389,AAA,0,0.00278846153846154,0.997211538461538,0,0,0,0
60014,BB,0,0,0,0.244780333873213,0.743519987150792,0.0104496789759948,0.00125
41980,AA,0.419804491667528,0.559990539388372,0.00153846153846154,0,0,0.0186665074056378,0
70140,AAA,0,0,1,0,0,0,0
78877,CCC,0,0,0,0.00125,0,0,0.99875
74670,AAA,0,0.0661484191762829,0.933851580823717,0,0,0,0
53682,AA,0.0479813177019059,0.941438972153167,0.0105797101449275,0,0,0,0
78958,BB,0,0,0,0.483235232947307,0.511419528957455,0,0.0053452380952381
70110,BBB,0.491249017580287,0,0,0,0.00222910216718266,0.50652188025253,0
34507,BBB,0.0285543798306956,0.00111111111111111,0,0.0032051282051282,0.181501970767451,0.785627410085614,0
56818,AAA,0,0,1,0,0,0,0
76225,BBB,0.0119025419025419,0,0,0,0.188795911690649,0.79930154640681,0
75740,A,0.622067029633593,0.374686217119654,0.00181818181818182,0,0,0.00142857142857143,0
37366,BBB,0.198164123458241,0,0,0,0.0114915966386555,0.790344279903103,0
33114,BBB,0.124797826528477,0,0,0,0.0584325674325674,0.816769606038956,0
40331,BBB,0.151630331828474,0,0,0,0.0204698438816086,0.827899824289917,0
37387,BBB,0.0848857840645767,0,0,0,0.00910504201680672,0.906009173918617,0
80041,AA,0.0697575757575758,0.717784465568084,0.21245795867434,0,0,0,0
68589,BB,0,0,0,0.0173131313131313,0.519963723582919,0.46272314510395,0
61072,BBB,0.0141094983447925,0,0,0,0.110305636915544,0.875584864739663,0
41809,BB,0.00545454545454545,0,0,0.00699358974358975,0.517325175340655,0.468560022794543,0.00166666666666667
77724,BB,0,0,0,0.00533333333333333,0.564010903183504,0.430655763483163,0
51982,BBB,0.0111466486729645,0,0,0,0.023029304029304,0.965824047297732,0
50233,BBB,0,0,0,0.00863101604278075,0.376717994337963,0.614650989619256,0
47201,BBB,0.0668282828282828,0,0,0,0.00133333333333333,0.931838383838384,0
45973,BB,0,0,0,0.190113428733123,0.741026380099809,0.0688601911670673,0
77200,A,0.596762300221278,0,0,0,0,0.403237699778721,0
37794,BB,0,0,0,0.11502638976091,0.839119665164557,0.0440357632563515,0.00181818181818182
33921,BB,0,0,0,0.325475150666327,0.585829355285238,0.0886954940484352,0
48102,BBB,0.115731346568808,0,0,0.0112626262626263,0.00899465240641711,0.864011374762149,0
66873,B,0,0,0,0.557356046344437,0.401883158894769,0.00111111111111111,0.0396496836496837
58748,BB,0,0,0,0.00896969696969697,0.612304794620584,0.378725508409719,0
82102,BB,0,0,0,0.052446818661215,0.691073525459749,0.256479655879037,0
39805,BBB,0,0,0,0.00479738562091503,0.38264523393703,0.612557380442055,0
33773,BBB,0.022848545572075,0.00142857142857143,0,0.00111111111111111,0.245016546611283,0.729595225276959,0
39236,BBB,0.004,0,0,0.00311111111111111,0.28926516259798,0.703623726290909,0
35222,BB,0,0,0,0.227370412267471,0.770629587732529,0.002,0
81812,BBB,0.410314298618478,0.002,0,0.0275190058479532,0.128225774225774,0.424607587974461,0.00733333333333333
75090,BB,0,0,0,0.0283239723239723,0.884819784503995,0.0868562431720326,0
63652,BBB,0.00383333333333333,0,0,0,0.132857389686337,0.86330927698033,0
76586,BB,0.00363636363636364,0,0,0.00732814407814408,0.617192915787343,0.371842576498149,0
52273,BB,0,0,0,0.0308578643578644,0.882467027812229,0.0866751078299066,0
45436,BBB,0.00563636363636364,0,0,0,0.152247180064517,0.842116456299119,0
46280,BBB,0.0104114774114774,0,0,0.002,0.159943997179291,0.827644525409231,0
35530,A,0.794257188822305,0,0,0,0,0.205742811177695,0
61086,BBB,0.274224478909463,0.02,0,0,0.0723984666863924,0.633377054404144,0
58139,A,0.884154757523179,0.100956353587933,0,0,0,0.0148888888888889,0
66198,AAA,0,0,1,0,0,0,0
69433,AAA,0,0.046715413241729,0.953284586758271,0,0,0,0
84847,A,0.732052480457279,0,0,0,0.002,0.265947519542721,0
43762,CCC,0,0,0,0.00421052631578947,0.00421052631578947,0,0.991578947368421
59520,A,0.795171483487273,0.191805622739833,0,0,0,0.0130228937728938,0
48129,BB,0,0,0,0.0270166266482056,0.797436768425933,0.175546604925862,0
78192,BBB,0,0,0,0,0.0770686090655131,0.922931390934487,0
37482,B,0,0,0,0.711420773670774,0.15063961038961,0.00181818181818182,0.136121434121434
48703,A,0.568565613694871,0,0,0,0,0.431434386305129,0
37345,A,0.588306507561926,0.0300692640692641,0,0,0,0.38162422836881,0
65240,BB,0,0,0,0.132535407145314,0.662507151345386,0.204957441509299,0
52414,AA,0.316845349009436,0.683154650990564,0,0,0,0,0
44169,BBB,0,0,0,0.0115240665766982,0.303271251881933,0.685204681541369,0
74634,BB,0,0,0,0.132330650043111,0.801354947469111,0.0663144024877771,0
49532,AA,0.004,0.616589527431633,0.379410472568367,0,0,0,0
84273,A,0.627428409997295,0.00533333333333333,0,0.00296703296703297,0,0.364271223702338,0
44085,AAA,0,0.0534250465736534,0.946574953426347,0,0,0,0
55258,BBB,0.00461538461538461,0,0,0.00153846153846154,0.249584329069623,0.744261824776531,0
82210,BBB,0.196179351522231,0,0,0,0,0.803820648477769,0
46778,BBB,0.310206654778866,0,0,0.00153846153846154,0,0.688254883682673,0
64747,BBB,0.11047125904711,0,0,0,0,0.88952874095289,0
36338,AA,0.00598930481283423,0.59674131312444,0.397269382062726,0,0,0,0
56747,BB,0,0,0,0.166040088016559,0.774442776069246,0.0326230876966171,0.0268940482175776
56473,BBB,0.0220266575529733,0,0,0,0.0390542655658755,0.938919076881152,0
67451,AA,0.144619307163425,0.855380692836575,0,0,0,0,0
84528,BB,0,0,0,0.0216673130790778,0.930036394977571,0.0482962919433508,0
60330,AA,0.184372292911767,0.795843631514684,0.00469635627530364,0,0.00333333333333333,0.0117543859649123,0
40180,AA,0.170171790284019,0.82857820971598,0.00125,0,0,0,0
81210,A,0.589607092941458,0.334485270577376,0.0288882310499958,0,0.00125,0.0457694054311701,0
36801,BB,0,0,0,0.315465461610972,0.674281144723869,0.00717647058823529,0.00307692307692308
36378,A,0.548726988697577,0,0,0.00458333333333333,0.00705263157894737,0.439637046390142,0
68878,AAA,0.008,0.0866986054880792,0.905301394511921,0,0,0,0
57309,BBB,0.00259109311740891,0,0,0,0.336125054340225,0.661283852542366,0
75160,AAA,0,0.0402885066252206,0.959711493374779,0,0,0,0
51460,B,0,0,0,0.695724751169024,0.296197708724025,0.00240641711229947,0.00567112299465241
52118,BB,0,0,0,0.23462914562218,0.746085164663338,0.0126804265565875,0.00660526315789474
44772,AA,0.179381903957755,0.808404658035463,0.00935629514963881,0,0,0.00285714285714286,0
50610,BBB,0.468447202608193,0.033035374755963,0.0025,0,0.0146138583638584,0.481403564271985,0
61152,AAA,0,0,1,0,0,0,0
77233,BB,0,0,0,0.0719923809420714,0.874006315837585,0.0540013032203435,0
48430,BB,0.00166666666666667,0,0,0.0131181318681319,0.662449841180491,0.32276536028471,0
65172,BB,0,0,0,0.304924529718647,0.63870820570898,0.0563672645723729,0
52242,A,0.79761126730167,0.00871008403361345,0,0,0,0.193678648664717,0
51503,A,0.882158940090891,0.112773186605942,0,0,0,0.00506787330316742,0
48172,BBB,0.106497708947399,0,0,0,0.207347130509669,0.686155160542931,0
40525,BB,0,0,0,0.0207304133774722,0.798236545274471,0.181033041348057,0
45298,A,0.632301535925375,0.00333333333333333,0,0,0,0.364365130741292,0
54056,BBB,0.399234217279109,0,0,0,0.00892156862745098,0.59184421409344,0
41566,AAA,0,0,1,0,0,0,0
73786,A,0.898600142891165,0.0332325156783361,0,0,0,0.0681673414304993,0
75432,AA,0.0430225960829676,0.858602178866885,0.0983752250501477,0,0,0,0
59501,AA,0.413656410153314,0.568913765285282,0.0174298245614035,0,0,0,0
40096,AAA,0,0,1,0,0,0,0
49039,AA,0.177351365267,0.79107657876964,0.0315720559633603,0,0,0,0
77057,AAA,0,0.002,0.998,0,0,0,0
34033,BB,0,0,0,0.0706016728369669,0.716023958583556,0.213374368579477,0
80393,BB,0,0,0,0.177038344524413,0.819785184887352,0.00317647058823529,0
55461,BBB,0.053739898989899,0,0,0.0115887445887446,0.211620291988713,0.709449946252578,0.0136011181800656
40700,CCC,0,0,0,0,0,0,1
76362,BB,0,0,0,0.0134665334665335,0.54912245073468,0.437411015798787,0
45334,AA,0.0269745026215614,0.716906442800406,0.256119054578033,0,0,0,0
56492,A,0.904638476762316,0.00866666666666667,0,0,0.006,0.0806948565710176,0
45444,AA,0.302750401645139,0.675907965787223,0.0213416325676388,0,0,0,0
47488,BBB,0.230586852363323,0.00262857142857143,0,0,0.0101344537815126,0.756650122426593,0
35662,A,0.856775113946941,0,0,0,0,0.143224886053059,0
73487,B,0,0,0,0.515604660045836,0.452604214413038,0.0317911255411255,0
58156,AA,0.196429955321596,0.791724843440014,0.0118452012383901,0,0,0,0
79609,A,0.51198922482746,0.00333333333333333,0,0.00267857142857143,0,0.481998870410635,0
47032,AAA,0,0.165364060775825,0.834635939224175,0,0,0,0
77523,AAA,0,0,1,0,0,0,0
75100,BBB,0.0158571428571429,0,0,0,0.127826888797477,0.85631596834538,0
65965,AAA,0,0.0973255582137161,0.902674441786284,0,0,0,0
50384,B,0,0,0,0.495879101193807,0.466316989108939,0.0140600205626521,0.0237438891346012
65357,A,0.890157412247195,0.0382720705507083,0,0,0,0.0715705172020962,0
52109,A,0.843596981965403,0.14380900094058,0.0032051282051282,0,0,0.00938888888888889,0
38541,AAA,0,0.134632302681838,0.865367697318162,0,0,0,0
47726,BB,0,0,0,0.377284729374513,0.612017617401518,0,0.010697653223969
70581,BBB,0.0170909090909091,0,0,0,0.134532083671403,0.848377007237689,0
54049,A,0.81296270739924,0.106792635297279,0,0,0,0.0802446573034808,0
52155,AAA,0,0,1,0,0,0,0
65014,AA,0.193314313395583,0.796344777513508,0.0103409090909091,0,0,0,0
35170,BB,0,0,0,0.0843556291489728,0.87246352392018,0.0431808469308469,0
84876,AAA,0,0,1,0,0,0,0
43669,BB,0,0,0,0.0143296703296703,0.494016169245271,0.491654160425058,0
75423,AA,0.149704795462535,0.846961871204131,0.00333333333333333,0,0,0,0
51305,AA,0.0244444444444444,0.863352706461065,0.11220284909449,0,0,0,0
65105,BB,0,0,0,0.487264722034072,0.497037170517821,0.00511111111111111,0.0105869963369963
69962,BBB,0.134476908693291,0,0,0.00932692307692308,0.00868131868131868,0.847514849548467,0
63758,BB,0,0,0,0.317501948859534,0.651724366105171,0.0200832088448188,0.0106904761904762
71308,A,0.630112547307382,0.363069270874437,0,0,0,0.00681818181818182,0
48480,BB,0,0,0,0.00595238095238095,0.607961604614855,0.386086014432764,0
73846,BB,0,0,0,0.143075016057214,0.581740200202275,0.275184783740511,0
63154,A,0.942529264337314,0.0358208020050125,0,0,0,0.0216499336576736,0
64967,AA,0.0341894555393008,0.890213429587269,0.0755971148734307,0,0,0,0
83700,CCC,0,0,0,0.390821383037327,0.0149768368886016,0,0.594201780074071
59271,AAA,0,0,1,0,0,0,0
64010,BBB,0.0187581073896863,0,0,0,0.00973484848484848,0.971507044125465,0
61109,BBB,0.0152306912214033,0,0,0,0.0842751630894046,0.900494145689192,0
39779,AAA,0,0,1,0,0,0,0
33626,BB,0.00166666666666667,0,0,0.0177941822882999,0.609939630287154,0.37059952075788,0
71057,B,0,0,0,0.893077356080452,0.0530552584670232,0,0.0538673854525248
48886,BB,0,0,0,0.0321059051028091,0.91695943452832,0.0509346603688709,0
37212,CCC,0,0,0,0.0269166666666667,0,0,0.973083333333333
50537,BBB,0.196222803254537,0.00470588235294118,0,0,0.0080672268907563,0.791004087501765,0
58085,AAA,0,0.0319436000551428,0.968056399944857,0,0,0,0
73367,AAA,0,0,1,0,0,0,0
32666,BB,0,0,0,0.0260229182582124,0.930953105717812,0.043023976023976,0
66129,B,0,0,0,0.829408244093978,0.151572534535995,0.00770192307692308,0.0113172982931047
43749,AAA,0,0,1,0,0,0,0
73375,BBB,0.002,0,0,0,0.392916183231973,0.605083816768027,0
43890,AA,0.00111111111111111,0.548156821506667,0.450732067382222,0,0,0,0
55527,BBB,0.14015873419666,0.016,0,0,0.0318006592650556,0.812040606538284,0
69604,AAA,0,0,1,0,0,0,0
53890,BBB,0.354874528550225,0.00829131652661065,0,0,0.00779341736694678,0.629040737556217,0
55416,A,0.787973836105415,0.0507018303334093,0,0,0,0.161324333561176,0
67489,AA,0.174579758476817,0.813332329435271,0.00923076923076923,0,0,0.00285714285714286,0
66346,CCC,0,0,0,0.0497045454545454,0,0,0.950295454545455
42445,AAA,0,0,1,0,0,0,0
42716,BBB,0.437734010915125,0.00333333333333333,0,0,0.00133333333333333,0.557599322418208,0
62887,BBB,0,0,0,0.0138534316560632,0.323847155897078,0.662299412446858,0
75993,AAA,0,0.020427807486631,0.979572192513369,0,0,0,0
77896,A,0.674874307065484,0,0,0.00153846153846154,0,0.323587231396055,0
75548,BBB,0.0226406926406927,0,0,0,0.0836685485996631,0.893690758759644,0
37528,BB,0,0,0,0.24555013914534,0.717283141952647,0.0303815041167982,0.00678521478521478
84510,BB,0,0,0,0.381844997194069,0.598709689948854,0.0194453128570776,0
62461,BBB,0.0393142191142191,0.00111111111111111,0,0.0024,0.202473851776019,0.754700817998651,0
61864,A,0.824963881319918,0.0246518218623482,0,0,0,0.150384296817733,0
76867,CCC,0,0,0,0.0168055555555556,0.00444444444444444,0,0.97875
50438,A,0.935635452267031,0.0450675552517658,0,0,0,0.019296992481203,0
74798,BBB,0.318749330734625,0.0157761650114591,0,0,0.027047385620915,0.638427118633001,0
34336,AAA,0,0.0138823529411765,0.986117647058824,0,0,0,0
36891,AA,0.107828830818304,0.879232707643234,0.0129384615384615,0,0,0,0
72729,A,0.914863620040091,0.0396183816183816,0.00414350355526826,0,0,0.0413744947862595,0
83947,AA,0.375747963147963,0.605417538017538,0.00974358974358974,0,0.00181818181818182,0.00727272727272727,0
63382,AA,0.112191253191253,0.887808746808747,0,0,0,0,0
57147,B,0,0,0,0.777756503730188,0.191436275712592,0,0.0308072205572206
83277,AA,0.0296829836829837,0.679920062662349,0.289396953654667,0,0,0.001,0
52993,BB,0.00302564102564103,0,0,0.00575,0.679558245933633,0.311666113040726,0
66349,BB,0,0,0,0.399647894846811,0.56894965964548,0.0232971823498139,0.00810526315789474
49212,A,0.566486844682665,0.425513155317335,0,0,0.00333333333333333,0.00466666666666667,0
39862,BB,0,0,0,0.203802677628529,0.760380430542969,0.0358168918285017,0
72625,BB,0,0,0,0.120939471862846,0.812991344998311,0.0660691831388426,0
60446,AA,0.0257202797202797,0.955999091472776,0.0182806288069446,0,0,0,0
66781,A,0.811100322192427,0.175876784034679,0,0,0,0.0130228937728938,0
68352,A,0.709422841864018,0,0,0.00153846153846154,0.004,0.28503869659752,0
57329,CCC,0,0,0,0.00911111111111111,0,0,0.990888888888889
59184,B,0,0,0,0.542997115801295,0.431720353004409,0.0141461675579323,0.0111363636363636
82534,B,0,0,0,0.517818843523178,0.45680020409587,0.00285714285714286,0.0225238095238095
71623,AAA,0,0.414726946428185,0.585273053571815,0,0,0,0
40430,A,0.6490832452721,0.327812874174329,0,0,0,0.023103880553571,0
71385,AAA,0,0,1,0,0,0,0
83244,BB,0,0,0,0.128174988238456,0.794277371751056,0.0775476400104883,0
42616,AAA,0,0.0260606060606061,0.973939393939394,0,0,0,0
45373,AA,0.0344851157614315,0.954521294494979,0.0109935897435897,0,0,0,0
82609,AA,0.00717647058823529,0.613459260725515,0.37701132750978,0,0,0.00235294117647059,0
77377,A,0.879957717549049,0.0319410067057126,0,0,0,0.0881012757452386,0
61322,BBB,0.0261491449726744,0,0,0.00166666666666667,0.148609109844404,0.823575078516255,0
52281,BB,0,0,0,0.25171949507321,0.696970451547077,0.0513100533797128,0
37026,AAA,0,0,1,0,0,0,0
68105,AAA,0,0,1,0,0,0,0
57819,AA,0.0656326109391125,0.934367389060887,0,0,0,0,0
41753,A,0.715333222118439,0.247621221099162,0.00727272727272727,0,0,0.0297728295096716,0
65187,AA,0.0510787597335585,0.940341530121514,0.00457971014492754,0,0,0.004,0
51025,BB,0,0,0,0.31354663697156,0.596633263279548,0.0150048358074674,0.0748152639414249
45115,B,0,0,0,0.637800246708916,0.341848102104294,0,0.0203516511867905
70656,BB,0,0,0,0.12471442283207,0.832677927507649,0.0426076496602812,0
68808,BB,0,0,0,0.205694162133017,0.785364317399147,0.00727485380116959,0.00166666666666667
50279,BB,0,0,0,0.124038456125917,0.846675801838341,0.029285742035742,0
72196,BB,0,0,0,0.00533333333333333,0.706640001982881,0.288026664683785,0
79997,AA,0.00753151260504202,0.965074501092303,0.027393986302655,0,0,0,0
53053,AA,0.0511891617154775,0.935739409713094,0.0130714285714286,0,0,0,0
46400,BBB,0.002,0,0,0,0.221930286775488,0.776069713224512,0
72431,BBB,0.00105263157894737,0,0,0,0.162250466423841,0.836696901997211,0
72970,B,0,0,0,0.825507004948956,0.127702201737031,0,0.0467907933140131
82343,BB,0,0,0,0.23014740187573,0.763120571980479,0.00673202614379085,0
38240,BB,0,0,0,0.41948854911858,0.568138808044381,0.00117647058823529,0.0111961722488038
76085,BB,0,0,0,0.104040123447244,0.71325534828089,0.182704528271866,0
39505,BB,0,0,0,0.0692416606441374,0.615034463558457,0.315723875797405,0
79772,AA,0.205968645647438,0.718406632669017,0.0756247216835452,0,0,0,0
57169,BB,0,0,0,0.128738574720773,0.699476213586895,0.171785211692332,0
65118,BB,0,0,0,0.0505900265884786,0.564084475637881,0.38532549777364,0
83077,BB,0,0,0,0.121182304451654,0.853672267876602,0.0220685045948204,0.00307692307692308
33431,BB,0,0,0,0.0982879897020764,0.694851643626412,0.206860366671512,0
65446,AAA,0,0,1,0,0,0,0
59292,AAA,0.00266666666666667,0.0287712418300654,0.968562091503268,0,0,0,0
81921,A,0.673599856026327,0.312539690701455,0,0,0,0.013860453272218,0
56346,CCC,0,0,0,0.0597057226399332,0.0131023391812866,0,0.92719193817878
59582,A,0.683164970048871,0,0,0.00296703296703297,0.00833333333333333,0.305534663650763,0
50742,A,0.855598507100055,0.108716382688519,0.00307692307692308,0,0,0.0326081871345029,0
61482,BB,0,0,0,0.0111657754010695,0.877948854035541,0.110885370563389,0
40823,A,0.635936496105401,0.359191709022804,0,0,0,0.00487179487179487,0
56019,AAA,0.014,0.0596324786324786,0.918367521367521,0,0,0.008,0
34761,BB,0,0,0,0.0778223059190551,0.677680792805406,0.244496901275539,0
56498,A,0.869426246268351,0.0216987179487179,0,0,0,0.108875035782931,0
45000,AAA,0,0.167192062839122,0.832807937160879,0,0,0,0
80031,BBB,0.228078933622277,0,0,0.00581818181818182,0.00849084249084249,0.757612042068698,0
65963,BB,0,0,0,0.313783548151195,0.669977912610265,0.0125718725718726,0.00366666666666667
78454,BBB,0.106005718825378,0,0,0.002,0,0.891994281174622,0
70094,A,0.875620069215271,0.0327455526070077,0,0,0,0.0916343781777218,0
74708,BB,0,0,0,0.0308568376068376,0.666976745562659,0.302166416830504,0
67571,AAA,0,0,1,0,0,0,0
55792,BBB,0.0425983839689722,0,0,0,0.175657068026573,0.781744548004455,0
56779,AAA,0,0,1,0,0,0,0
45981,BB,0,0,0,0.0437771336850284,0.588781244211585,0.367441622103387,0
55729,AAA,0,0,1,0,0,0,0
64233,BBB,0,0,0,0.00111111111111111,0.324213089026557,0.674675799862332,0
72520,B,0,0,0,0.700087414907074,0.265586819355395,0,0.0343257657375304
65696,AAA,0,0.114383251871743,0.885616748128257,0,0,0,0
47048,A,0.88379798813158,0.0508089508530685,0,0,0,0.065393061015352,0
48461,BBB,0.030681436210848,0,0,0,0.0628793363499246,0.906439227439227,0
37541,AA,0.051566715362381,0.884339050870011,0.0640942337676084,0,0,0,0
68457,BBB,0.238536567233936,0,0,0.0179948107448108,0.0296748251748252,0.713793796846428,0
39547,BB,0,0,0,0.0264642857142857,0.564536474533379,0.408999239752336,0
61364,BB,0,0,0,0.138521000928896,0.772970811180563,0.0885081878905409,0
66719,AAA,0,0,1,0,0,0,0
54328,AA,0.0717484035572271,0.890451544843186,0.0264275025799794,0,0.00450980392156863,0.00686274509803921,0
47348,A,0.774252867016025,0.0306608946608947,0,0,0,0.19508623832308,0
57656,AA,0.338961134324911,0.625819168705391,0.023969696969697,0,0,0.01125,0
82742,BBB,0.164939470361884,0.000689655172413793,0,0,0.0200009337068161,0.814369940758886,0
53391,BB,0,0,0,0.00533333333333333,0.546777909225278,0.447888757441389,0
51331,BBB,0,0,0,0,0.0731451405574795,0.92685485944252,0
73203,BBB,0.0559455588271378,0,0,0,0.002,0.942054441172862,0
66101,AA,0.196087826002687,0.784843686928826,0.0162907092907093,0,0,0.00277777777777778,0
82571,AAA,0,0.028647037173353,0.971352962826647,0,0,0,0
60741,A,0.612960235756675,0,0,0,0,0.387039764243325,0
72786,BB,0,0,0,0.0252933805100988,0.906725977153222,0.0679806423366795,0
60924,BBB,0.453629201481409,0.00421505376344086,0,0.011976164874552,0.00498330773169483,0.525196272148904,0
41399,CCC,0,0,0,0.247400869082758,0.00771929824561404,0,0.744879832671628
76500,AA,0.00566801619433198,0.775486448707811,0.218845535097857,0,0,0,0
44814,A,0.943209956709957,0.018219696969697,0.016,0,0,0.0225703463203463,0
43180,AAA,0,0,1,0,0,0,0
76828,AA,0.0303333333333333,0.959666666666667,0.008,0,0,0.002,0
58224,AAA,0,0,1,0,0,0,0
60066,BBB,0.0415475113122172,0,0,0,0,0.958452488687783,0
84217,BBB,0.0203568980039568,0,0,0,0.0977039773951539,0.881939124600889,0
49508,BB,0,0,0,0.301176111470229,0.651420909671683,0.0474029788580872,0
73419,BBB,0.037529304029304,0,0,0,0.0554632168656937,0.907007479105002,0
56109,A,0.503794472125741,0,0,0,0.00222910216718266,0.493976425707076,0
55640,AAA,0,0,1,0,0,0,0
63237,B,0,0,0,0.811184340513288,0.0578252084173137,0,0.130990451069398
40227,A,0.82830160431244,0.142991628770267,0.016,0,0,0.0127067669172932,0
76335,BB,0,0,0,0.00166666666666667,0.604495925814811,0.393837407518522,0
54736,B,0,0,0,0.571707296487482,0.0588039961414575,0,0.36948870737106
46476,A,0.917335686587235,0.0496394596115958,0,0,0,0.0330248538011696,0
76211,BBB,0.367916291053288,0,0,0,0.00111111111111111,0.630972597835601,0
61941,BBB,0.0175997511260669,0,0,0,0.191184763379036,0.791215485494897,0
50207,AAA,0,0,1,0,0,0,0
51871,BB,0,0,0,0.457269757418364,0.514288486968828,0.021063100642048,0.00737865497076023
84867,A,0.646684193257723,0.343861261287732,0,0,0,0.00945454545454545,0
78914,BB,0,0,0,0.0219316239316239,0.806973390214877,0.1710949858535,0
73000,BB,0.00722222222222222,0,0,0.00142857142857143,0.659843792086826,0.33150541426238,0
46121,AA,0.00266666666666667,0.5277057756485,0.469627557684833,0,0,0,0
49408,AAA,0,0,1,0,0,0,0
55652,BBB,0.0361491449726744,0,0,0,0.162197854433149,0.801653000594177,0
37050,A,0.717717726459987,0.22203044349871,0.00181818181818182,0.0031578947368421,0,0.0552757534862798,0
69126,A,0.87386944075876,0.103114686225367,0.00266666666666667,0,0,0.0203492063492064,0
71445,AA,0.31101426342835,0.682319069904983,0.00666666666666667,0,0,0,0
35552,BB,0,0,0,0.359414027492975,0.607325662641452,0.00210526315789474,0.0311550467076783
48836,BBB,0.00315151515151515,0,0,0,0.0616366222356934,0.935211862612791,0
69410,AAA,0,0.0364465709728868,0.963553429027113,0,0,0,0
58408,AAA,0.0647654698242934,0.144922880396178,0.765311649779529,0,0,0.025,0
46300,A,0.866842350631824,0.050961371961372,0,0,0,0.0821962774068037,0
50944,BB,0,0,0,0.362944185071894,0.630233739944267,0.00557207498383969,0.00125
46877,BB,0,0,0,0.0802124502791147,0.89105561498895,0.0277062937062937,0.00102564102564103
44720,BB,0,0,0,0.272814491064491,0.698181654602707,0.0290038543328017,0
76600,BB,0,0,0,0.0989982401832879,0.794770195488871,0.105743759449793,0.000487804878048781
76714,BB,0,0,0,0.2692632395048,0.658972556671637,0.0216935868413797,0.0500706169821832
59549,AAA,0,0,1,0,0,0,0
47997,AAA,0,0,1,0,0,0,0
41082,AA,0.00287179487179487,0.858566502640806,0.138561702487399,0,0,0,0
79315,A,0.503834533973079,0,0,0.00777777777777778,0.00496240601503759,0.483425282234106,0
32644,BB,0,0,0,0.00535714285714286,0.630472734351991,0.364170122790866,0
47064,A,0.533557651756568,0.00533333333333333,0,0,0,0.461109014910099,0
83824,BB,0.00933333333333334,0,0,0,0.561569166213903,0.429097500452764,0
81196,AAA,0,0,1,0,0,0,0
61661,BB,0,0,0,0.0505421575328696,0.917374318148312,0.0284471606824548,0.00363636363636364
35404,BBB,0.286219782969009,0,0,0,0.00832798573975044,0.705452231291241,0
55599,AAA,0,0.00342857142857143,0.996571428571429,0,0,0,0
68415,B,0,0,0,0.545154020538645,0.380070560277966,0.0136049041618302,0.0611705150215587
63895,AAA,0,0.0249707853122487,0.975029214687751,0,0,0,0
83549,BB,0,0,0,0.156856280888015,0.807105313073579,0.0328003108003108,0.00323809523809524
84813,CCC,0,0,0,0.113359335109335,0.00666666666666667,0,0.879973998223998
44105,A,0.917533662416015,0.0654267105443576,0.00307692307692308,0,0.00181818181818182,0.0121445221445221,0
56364,AAA,0,0.002,0.998,0,0,0,0
76418,BB,0,0,0,0.00866666666666667,0.973545454545455,0.0177878787878788,0
49342,AAA,0,0,1,0,0,0,0
75127,BBB,0.0564491911597175,0,0,0,0.173516046818678,0.770034762021604,0
44463,BB,0,0,0,0.0366876795375247,0.813374023723095,0.14993829673938,0
45194,BB,0,0,0,0.308607116911296,0.679428533712589,0.0119643493761141,0
43076,AAA,0,0,1,0,0,0,0
64401,BB,0,0,0,0.174686990941635,0.695311681438617,0.0169712860239176,0.113030041595831
59284,A,0.728615725605664,0.00333333333333333,0,0,0,0.268050941061003,0
47671,BBB,0.0359809406279995,0,0,0,0.0873186617304264,0.876700397641574,0
67946,A,0.660529663834617,0.328157204852251,0,0,0.00181818181818182,0.0094949494949495,0
43843,A,0.801815092028714,0.103492561532035,0.00869047619047619,0,0.00543803418803419,0.0805638360607401,0
38262,CCC,0,0,0,0.00306818181818182,0,0,0.996931818181818
81594,BB,0.015782097817488,0,0,0.0818888603180955,0.46793910567523,0.405284389605374,0.0291055465838123
75206,AAA,0,0.002,0.998,0,0,0,0
78758,BB,0,0,0,0.0176621682411156,0.54002561396292,0.442312217795964,0
67439,BB,0,0,0,0.0420132382237645,0.839172459463481,0.118814302312754,0
36461,AA,0.254915103042812,0.737716475904556,0,0,0,0.00736842105263158,0
39783,BBB,0.01375,0,0,0.015,0.270918451173869,0.700331548826131,0
70394,AAA,0.006,0.319574802046938,0.666425197953062,0,0,0.008,0
63946,BBB,0.102153878896577,0,0,0.00932692307692308,0.00687680740312319,0.881642390623376,0
69408,BBB,0.0600362970362971,0,0,0,0.0198181818181818,0.920145521145521,0
68571,AAA,0,0,1,0,0,0,0
51282,B,0,0,0,0.597444659399768,0.367502743300731,0,0.0350525972995013
76006,AAA,0,0.0260606060606061,0.973939393939394,0,0,0,0
56864,AAA,0,0.0572814254888558,0.942718574511144,0,0,0,0
76461,BBB,0,0,0,0,0.327644203749467,0.672355796250533,0
72011,AAA,0,0,1,0,0,0,0
47813,CCC,0,0,0,0.0410588235294118,0.00444444444444444,0,0.954496732026144
54564,BB,0,0,0,0.142489311857733,0.786868548118548,0.070642140023719,0
45877,CCC,0,0,0,0.175773268887975,0.00500980392156863,0,0.819216927190457
61323,BB,0.0104273504273504,0,0,0.00868092691622104,0.515483423439306,0.465408299217123,0
74843,AAA,0,0.216964859014395,0.783035140985605,0,0,0,0
78227,BB,0,0,0,0.357123113900204,0.619923295572676,0.0229535905271199,0
46556,AAA,0,0,1,0,0,0,0
43429,A,0.622943676378661,0.0827992922110569,0,0,0,0.294257031410282,0
67524,BBB,0.125599048010813,0,0,0,0.163482094960423,0.710918857028764,0
55015,A,0.850667382560605,0.00932692307692308,0,0,0,0.140005694362472,0
42125,AAA,0,0,1,0,0,0,0
37745,BBB,0.192310038774435,0.00222222222222222,0,0,0.00810786435786435,0.797359874645478,0
74372,BB,0.00707936507936508,0,0,0,0.569547012122864,0.423373622797771,0
46551,BBB,0.071556523458072,0,0,0,0.0364249492900608,0.892018527251867,0
61002,BB,0,0,0,0.352079400132032,0.63254281631681,0.0153777835511582,0
56106,AA,0.215969867851447,0.737121041239463,0.0469090909090909,0,0,0,0
81968,BB,0,0,0,0.190799497606773,0.751040426229281,0.0563418943457643,0.00181818181818182
82424,BBB,0.00291666666666667,0,0,0,0.159771158837722,0.837312174495611,0
59612,AAA,0,0,1,0,0,0,0
64310,BBB,0.0278013415892673,0,0,0,0.14129083369331,0.830907824717422,0
33121,CCC,0,0,0,0.00125,0,0,0.99875
68104,AAA,0,0.032773719744308,0.967226280255692,0,0,0,0
51810,BBB,0.0966326000281109,0,0,0,0.0416536366969804,0.861713763274909,0
53569,BB,0,0,0,0.0167279387279387,0.803833185808822,0.179438875463239,0
61211,AAA,0,0,1,0,0,0,0
56237,AA,0.00920512820512821,0.570318654084134,0.420476217710738,0,0,0,0
34174,BBB,0.186168378405221,0,0,0,0.00976190476190476,0.804069716832875,0
52824,AAA,0,0,1,0,0,0,0
61601,AA,0.0486020254255548,0.92940518958166,0.021992784992785,0,0,0,0
73454,BB,0,0,0,0.0469699817726134,0.648512028129354,0.304517990098032,0
72971,BB,0,0,0,0.318467259692492,0.660708378824478,0.0197717299040828,0.00105263157894737
48304,B,0,0,0,0.74819622371093,0.147539107950873,0.00545454545454546,0.0988101228836523
72592,BBB,0.0407684843536237,0,0,0,0.00111111111111111,0.958120404535265,0
73300,BB,0,0,0,0.418768244139761,0.574457946336429,0.00285714285714286,0.00391666666666667
44209,BBB,0.205807231983703,0,0,0,0.0356183774945385,0.758574390521759,0
61920,AAA,0,0.00133333333333333,0.998666666666667,0,0,0,0
44013,CCC,0,0,0,0.205343287431523,0.01092394533571,0,0.783732767232767
55074,AA,0.0516087947140579,0.945057871952609,0.00333333333333333,0,0,0,0
71430,B,0,0,0,0.513850491441822,0.480899508558177,0.00133333333333333,0.00391666666666667
48237,A,0.703796121233428,0.106617922926746,0.00181818181818182,0,0.082017316017316,0.105750458004328,0
42726,BB,0,0,0,0.0352933601486233,0.788924518463992,0.175782121387385,0
63818,A,0.97520202020202,0.0103030303030303,0,0,0.00181818181818182,0.0126767676767677,0
32887,BBB,0,0,0,0,0.439129909907774,0.560870090092226,0
82990,B,0,0,0,0.525717550423433,0.421105058855833,0.0403743604177041,0.0128030303030303
43209,BBB,0.390907366455354,0,0,0,0.00666666666666667,0.602425966877979,0
57374,BBB,0.0148547008547009,0,0,0,0.28095307710865,0.700192222036649,0.004
59283,BBB,0.216874363940153,0,0,0,0.00689075630252101,0.776234879757325,0
75216,BB,0,0,0,0.017968008255934,0.597691360583002,0.384340631161065,0
67498,AAA,0.00266666666666667,0.0287712418300654,0.968562091503268,0,0,0,0
71066,A,0.712642823507761,0.263323308399547,0.00950980392156863,0,0.00450980392156863,0.0100142602495544,0
84837,A,0.818298829137839,0.110768156508095,0,0,0,0.070933014354067,0
33934,AAA,0,0,1,0,0,0,0
67800,B,0,0,0,0.843878024452328,0.0909758585927317,0,0.0651461169549405
60142,AA,0.172810326154753,0.810481447860705,0.0167082259845418,0,0,0,0
77778,A,0.967590419900018,0.0199875021779047,0,0,0,0.0124220779220779,0
51391,AAA,0,0,1,0,0,0,0
76613,BB,0,0,0,0.357123113900204,0.619923295572676,0.0229535905271199,0
76357,BBB,0.0045,0,0,0,0.128080574654104,0.867419425345896,0
79423,A,0.666740567825707,0.00866666666666667,0,0,0,0.324592765507626,0
60205,A,0.654968950210436,0.00153846153846154,0,0.00125,0.00285714285714286,0.339385445393959,0
57432,BBB,0.158774110628142,0.000645161290322581,0,0,0.0178854087089381,0.822695319372598,0
76786,BB,0,0,0,0.22072280334045,0.708201544957737,0.0115219298245614,0.0595537218772513
58999,B,0,0,0,0.633637330419838,0.312408310214038,0,0.053954359366124
42624,BBB,0.00296703296703297,0,0,0,0.140903984903985,0.847673853923854,0.0084551282051282
73554,BBB,0,0,0,0,0.0686614062751834,0.931338593724817,0
68927,AAA,0,0,1,0,0,0,0
57642,BB,0,0,0,0.117271302055358,0.870477235956338,0.0122514619883041,0
59834,A,0.954125097125097,0.0048951048951049,0,0,0,0.040979797979798,0
74989,AAA,0,0,1,0,0,0,0
47177,BBB,0.00632798573975045,0,0,0,0.121947875396018,0.871724138864232,0
37629,A,0.893655251181567,0.0142754613807245,0,0,0,0.0920692874377085,0
49618,B,0,0,0,0.585000730029368,0.064489460422897,0,0.350509809547735
82470,BBB,0.00307692307692308,0,0,0.00125,0.421409640067535,0.568596770188875,0.00566666666666667
49776,AA,0.0163333333333333,0.971666666666667,0.01,0,0,0.002,0
84862,AAA,0,0.128941306562151,0.871058693437849,0,0,0,0
50494,BBB,0.0781499138116785,0,0,0.00153846153846154,0.0878586612905498,0.83245296335931,0
70986,BB,0,0,0,0.0599269983542429,0.882920394964513,0.0571526066812445,0
81505,CCC,0,0,0,0.0395598086124402,0.00421052631578947,0,0.95622966507177
45195,A,0.885810127694803,0.0319463884069147,0,0,0.00244444444444444,0.0797990394538382,0
76886,A,0.662137222942176,0.330590049785096,0.00545454545454545,0,0,0.00181818181818182,0
37630,BB,0,0,0,0.0913315735166212,0.796436862155537,0.111743759449793,0.000487804878048781
34846,B,0,0,0,0.621428362057619,0.327850169953885,0.027968188244504,0.0227532797439918
65095,AAA,0,0.104564789323391,0.895435210676609,0,0,0,0
59334,BB,0.0025,0,0,0.0251786876693997,0.54117262072293,0.43114869160767,0
50701,AAA,0,0.0153951048951049,0.984604895104895,0,0,0,0
50529,BB,0,0,0,0.0273200702678964,0.695366560937156,0.277313368794948,0
57475,BBB,0.151744667097608,0,0,0,0.00745454545454546,0.838800787447846,0.002
65233,AA,0.344241345256051,0.653758654743949,0.002,0,0,0,0
64790,B,0,0,0,0.487615494379181,0.480351718838353,0.00409523809523809,0.0279375486872278
40527,A,0.864352690996654,0.104930901228115,0.00266666666666667,0,0,0.0280497411085646,0
44261,BB,0,0,0,0.0418882947118241,0.954778371954843,0.00333333333333333,0
57196,BB,0,0,0,0.0967408888840777,0.849065669538579,0.0541934415773425,0
58206,A,0.668329545497502,0.00671328671328671,0,0,0.00259109311740891,0.322366074671802,0
79052,BBB,0.307774470935515,0.00363636363636364,0,0,0.0154623824451411,0.67312678298298,0
72911,BB,0,0,0,0.0547665959771223,0.90882783126746,0.0337389060887513,0.00266666666666667
76842,BB,0,0,0,0.293095095135343,0.669257204955347,0.0340113362729462,0.00363636363636364
65810,BB,0,0,0,0.00220238095238095,0.797134315012697,0.200663304034922,0
51526,BB,0,0,0,0.101170598579267,0.715006503987928,0.183822897432805,0
59542,BBB,0.0025,0,0,0,0.45322227119286,0.544277728807141,0
71101,A,0.899370811163381,0.0416378129667603,0,0,0,0.0589913758698588,0
61493,BB,0.00153846153846154,0,0,0,0.533728689525129,0.464732848936409,0
80519,BB,0,0,0,0.0306573056573057,0.831165649165649,0.138177045177045,0
57371,BBB,0.0283159927447853,0,0,0.00181818181818182,0.0151242070622876,0.954741618374745,0
46526,AAA,0,0.0488484631310718,0.951151536868928,0,0,0,0
54584,A,0.877027719958061,0.0984151150706878,0,0,0,0.0245571649712517,0
63521,BB,0,0,0,0.389431538619619,0.592525570061174,0.00619047619047619,0.0118524151287309
55618,AAA,0,0,1,0,0,0,0
84553,BB,0.00755980861244019,0,0,0.0396585113373039,0.556782619169616,0.387271604126867,0.00872745675377254
61395,BBB,0.0174335664335664,0,0,0,0.121416416400937,0.861150017165497,0
65175,A,0.709409624860863,0.275080551371573,0,0,0,0.0155098237675637,0
68545,BBB,0.0275770944741533,0,0,0,0.139891854877149,0.832531050648698,0
65580,AAA,0,0.0246666666666667,0.975333333333333,0,0,0,0
53050,AA,0.00559969442322384,0.980431265329098,0.00996904024767802,0,0,0.004,0
35488,A,0.835002582556762,0.0030952380952381,0,0,0,0.161902179348,0
47351,BBB,0.0236940559440559,0,0,0,0.165046571075983,0.811259372979961,0
35651,BBB,0.478016465665173,0.00153846153846154,0,0.0190106837606838,0.0043956043956044,0.497038784640077,0
54115,BBB,0.292004594992211,0,0,0,0.0533785131277391,0.65461689188005,0
50594,BB,0.00904040404040404,0,0,0.00742081447963801,0.673370089319006,0.310168692160952,0
72668,A,0.910022917570905,0.0690050369307335,0.00153846153846154,0,0,0.0194335839598997,0
44741,B,0,0,0,0.72228335716571,0.186982427101622,0,0.0907342157326678
82377,BBB,0.00133333333333333,0,0,0.000952380952380953,0.484944163679458,0.512770122034828,0
69696,AAA,0,0.0204947552447552,0.979505244755245,0,0,0,0
34782,A,0.873349273018004,0.0267635264632169,0,0,0,0.0998872005187795,0
52053,A,0.623151195038192,0.0334025974025974,0,0,0,0.343446207559211,0
73894,AAA,0,0.194920200651432,0.805079799348568,0,0,0,0
49818,BB,0,0,0,0.0896167401569879,0.758598041449435,0.151785218393578,0
73260,CCC,0,0,0,0.120006744029964,0.00421052631578947,0,0.875782729654247
67606,B,0,0,0,0.722310297646753,0.269457995036174,0.000731707317073171,0.0075
39807,BB,0,0,0,0.113675186182926,0.676152051251122,0.210172762565951,0
67327,A,0.874048277058339,0.0201785714285714,0,0,0,0.10577315151309,0
36482,A,0.621331919714273,0.25010657806246,0.0336570096570097,0,0,0.0949044925662573,0
